{"D":{"car":[[0,657,1239,1472,1751,2374,1119,671,1705,613],[657,0,1057,1100,1647,2322,1501,574,2334,1242],[1239,1057,0,465,2664,1275,1422,1591,2874,1854],[1472,1100,465,0,2707,1723,1846,1634,3185,2093],[1751,1647,2664,2707,0,3930,2860,1081,3398,2192],[2374,2322,1275,1723,3930,0,1959,2858,3248,2588],[1119,1501,1422,1846,2860,1959,0,1785,1299,1278],[671,574,1591,1634,1081,2858,1785,0,2320,1074],[1705,2334,2874,3185,3398,3248,1299,2320,0,1093],[613,1242,1854,2093,2192,2588,1278,1074,1093,0]],"plane":[[0,523.8952,1036.4836,1237.5444,1443.3262,1812.5933,765.3688,554.9055,1282.0793,490.3197],[523.8952,0,879.5249,932.9683,1109.4377,1870.6001,1183.2376,517.0138,1802.5609,1000.9952],[1036.4836,879.5249,0,343.5072,1913.9515,1052.1681,1106.6325,1368.5258,2098.5805,1448.051],[1237.5444,932.9683,343.5072,0,1825.3499,1262.8778,1434.8074,1449.7548,2393.5711,1693.373],[1443.3262,1109.4377,1913.9515,1825.3499,0,2953.3921,2206.2231,919.5849,2470.6931,1737.3001],[1812.5933,1870.6001,1052.1681,1262.8778,2953.3921,0,1366.5243,2291.5517,2375.1166,2032.6629],[765.3688,1183.2376,1106.6325,1434.8074,2206.2231,1366.5243,0,1315.7272,1053.0141,722.2131],[554.9055,517.0138,1368.5258,1449.7548,919.5849,2291.5517,1315.7272,0,1596.8248,825.6241],[1282.0793,1802.5609,2098.5805,2393.5711,2470.6931,2375.1166,1053.0141,1596.8248,0,805.5515],[490.3197,1000.9952,1448.051,1693.373,1737.3001,2032.6629,722.2131,825.6241,805.5515,0]]},"rownames":{"car":["Vienna","Berlin","Paris","London","Helsinki","Madrid","Rome","Warsaw","Athens","Belgrade"],"plane":["Vienna","Berlin","Paris","London","Helsinki","Madrid","Rome","Warsaw","Athens","Belgrade"]},"leafs":{"vis":{"car":"embedding","plane":"embedding"},"space":{"car":[[237707.8314,-623266.1492],[15287.2198,-148927.5937],[-792540.9438,-496933.5246],[-917386.4605,-175642.5486],[650328.8053,760834.1053],[-1434580.8872,-1331068.9099],[-58083.2029,-1329879.881],[532338.5783,-152283.2593],[935580.9755,-1698878.9474],[576779.2168,-977630.4304]],"plane":[[237707.8314,-623266.1492],[15287.2198,-148927.5937],[-792540.9438,-496933.5246],[-917386.4605,-175642.5486],[650328.8053,760834.1053],[-1434580.8872,-1331068.9099],[-58083.2029,-1329879.881],[532338.5783,-152283.2593],[935580.9755,-1698878.9474],[576779.2168,-977630.4304]]}},"tooltips":{"vis":{"plane":["geospatial-point-3d"],"car":["geospatial-point-3d"]},"space":{"car":[[16.3779,48.2119],[13.4088,52.5229],[2.3566,48.8611],[-0.1037,51.5152],[24.9417,60.1948],[-3.7024,40.4302],[12.4887,41.8982],[20.9894,52.2312],[23.7305,37.9918],[20.4565,44.815]],"plane":[[16.3779,48.2119],[13.4088,52.5229],[2.3566,48.8611],[-0.1037,51.5152],[24.9417,60.1948],[-3.7024,40.4302],[12.4887,41.8982],[20.9894,52.2312],[23.7305,37.9918],[20.4565,44.815]]}}}
