{"D":{"x":[[0,0.1,0.2,0.3,0.4,0.5,0.6,0.7,0.8,0.9,1,1.1,1.2,1.3,1.4,1.5,1.6,1.7,1.8,1.9,2,2.1,2.2,2.3,2.4,2.5,2.6,2.7,2.8,2.9,3,3.1,3.2,3.3,3.4,3.5,3.6,3.7,3.8,3.9,4,4.1,4.2,4.3,4.4,4.5,4.6,4.7,4.8,4.9,5,5.1,5.2,5.3,5.4,5.5,5.6,5.7,5.8,5.9,6,6.1,6.2,6.3,6.4,6.5,6.6,6.7,6.8,6.9,7,7.1,7.2,7.3,7.4,7.5,7.6,7.7,7.8,7.9,8],[0.1,0,0.1,0.2,0.3,0.4,0.5,0.6,0.7,0.8,0.9,1,1.1,1.2,1.3,1.4,1.5,1.6,1.7,1.8,1.9,2,2.1,2.2,2.3,2.4,2.5,2.6,2.7,2.8,2.9,3,3.1,3.2,3.3,3.4,3.5,3.6,3.7,3.8,3.9,4,4.1,4.2,4.3,4.4,4.5,4.6,4.7,4.8,4.9,5,5.1,5.2,5.3,5.4,5.5,5.6,5.7,5.8,5.9,6,6.1,6.2,6.3,6.4,6.5,6.6,6.7,6.8,6.9,7,7.1,7.2,7.3,7.4,7.5,7.6,7.7,7.8,7.9],[0.2,0.1,0,0.1,0.2,0.3,0.4,0.5,0.6,0.7,0.8,0.9,1,1.1,1.2,1.3,1.4,1.5,1.6,1.7,1.8,1.9,2,2.1,2.2,2.3,2.4,2.5,2.6,2.7,2.8,2.9,3,3.1,3.2,3.3,3.4,3.5,3.6,3.7,3.8,3.9,4,4.1,4.2,4.3,4.4,4.5,4.6,4.7,4.8,4.9,5,5.1,5.2,5.3,5.4,5.5,5.6,5.7,5.8,5.9,6,6.1,6.2,6.3,6.4,6.5,6.6,6.7,6.8,6.9,7,7.1,7.2,7.3,7.4,7.5,7.6,7.7,7.8],[0.3,0.2,0.1,0,0.1,0.2,0.3,0.4,0.5,0.6,0.7,0.8,0.9,1,1.1,1.2,1.3,1.4,1.5,1.6,1.7,1.8,1.9,2,2.1,2.2,2.3,2.4,2.5,2.6,2.7,2.8,2.9,3,3.1,3.2,3.3,3.4,3.5,3.6,3.7,3.8,3.9,4,4.1,4.2,4.3,4.4,4.5,4.6,4.7,4.8,4.9,5,5.1,5.2,5.3,5.4,5.5,5.6,5.7,5.8,5.9,6,6.1,6.2,6.3,6.4,6.5,6.6,6.7,6.8,6.9,7,7.1,7.2,7.3,7.4,7.5,7.6,7.7],[0.4,0.3,0.2,0.1,0,0.1,0.2,0.3,0.4,0.5,0.6,0.7,0.8,0.9,1,1.1,1.2,1.3,1.4,1.5,1.6,1.7,1.8,1.9,2,2.1,2.2,2.3,2.4,2.5,2.6,2.7,2.8,2.9,3,3.1,3.2,3.3,3.4,3.5,3.6,3.7,3.8,3.9,4,4.1,4.2,4.3,4.4,4.5,4.6,4.7,4.8,4.9,5,5.1,5.2,5.3,5.4,5.5,5.6,5.7,5.8,5.9,6,6.1,6.2,6.3,6.4,6.5,6.6,6.7,6.8,6.9,7,7.1,7.2,7.3,7.4,7.5,7.6],[0.5,0.4,0.3,0.2,0.1,0,0.1,0.2,0.3,0.4,0.5,0.6,0.7,0.8,0.9,1,1.1,1.2,1.3,1.4,1.5,1.6,1.7,1.8,1.9,2,2.1,2.2,2.3,2.4,2.5,2.6,2.7,2.8,2.9,3,3.1,3.2,3.3,3.4,3.5,3.6,3.7,3.8,3.9,4,4.1,4.2,4.3,4.4,4.5,4.6,4.7,4.8,4.9,5,5.1,5.2,5.3,5.4,5.5,5.6,5.7,5.8,5.9,6,6.1,6.2,6.3,6.4,6.5,6.6,6.7,6.8,6.9,7,7.1,7.2,7.3,7.4,7.5],[0.6,0.5,0.4,0.3,0.2,0.1,0,0.1,0.2,0.3,0.4,0.5,0.6,0.7,0.8,0.9,1,1.1,1.2,1.3,1.4,1.5,1.6,1.7,1.8,1.9,2,2.1,2.2,2.3,2.4,2.5,2.6,2.7,2.8,2.9,3,3.1,3.2,3.3,3.4,3.5,3.6,3.7,3.8,3.9,4,4.1,4.2,4.3,4.4,4.5,4.6,4.7,4.8,4.9,5,5.1,5.2,5.3,5.4,5.5,5.6,5.7,5.8,5.9,6,6.1,6.2,6.3,6.4,6.5,6.6,6.7,6.8,6.9,7,7.1,7.2,7.3,7.4],[0.7,0.6,0.5,0.4,0.3,0.2,0.1,0,0.1,0.2,0.3,0.4,0.5,0.6,0.7,0.8,0.9,1,1.1,1.2,1.3,1.4,1.5,1.6,1.7,1.8,1.9,2,2.1,2.2,2.3,2.4,2.5,2.6,2.7,2.8,2.9,3,3.1,3.2,3.3,3.4,3.5,3.6,3.7,3.8,3.9,4,4.1,4.2,4.3,4.4,4.5,4.6,4.7,4.8,4.9,5,5.1,5.2,5.3,5.4,5.5,5.6,5.7,5.8,5.9,6,6.1,6.2,6.3,6.4,6.5,6.6,6.7,6.8,6.9,7,7.1,7.2,7.3],[0.8,0.7,0.6,0.5,0.4,0.3,0.2,0.1,0,0.1,0.2,0.3,0.4,0.5,0.6,0.7,0.8,0.9,1,1.1,1.2,1.3,1.4,1.5,1.6,1.7,1.8,1.9,2,2.1,2.2,2.3,2.4,2.5,2.6,2.7,2.8,2.9,3,3.1,3.2,3.3,3.4,3.5,3.6,3.7,3.8,3.9,4,4.1,4.2,4.3,4.4,4.5,4.6,4.7,4.8,4.9,5,5.1,5.2,5.3,5.4,5.5,5.6,5.7,5.8,5.9,6,6.1,6.2,6.3,6.4,6.5,6.6,6.7,6.8,6.9,7,7.1,7.2],[0.9,0.8,0.7,0.6,0.5,0.4,0.3,0.2,0.1,0,0.1,0.2,0.3,0.4,0.5,0.6,0.7,0.8,0.9,1,1.1,1.2,1.3,1.4,1.5,1.6,1.7,1.8,1.9,2,2.1,2.2,2.3,2.4,2.5,2.6,2.7,2.8,2.9,3,3.1,3.2,3.3,3.4,3.5,3.6,3.7,3.8,3.9,4,4.1,4.2,4.3,4.4,4.5,4.6,4.7,4.8,4.9,5,5.1,5.2,5.3,5.4,5.5,5.6,5.7,5.8,5.9,6,6.1,6.2,6.3,6.4,6.5,6.6,6.7,6.8,6.9,7,7.1],[1,0.9,0.8,0.7,0.6,0.5,0.4,0.3,0.2,0.1,0,0.1,0.2,0.3,0.4,0.5,0.6,0.7,0.8,0.9,1,1.1,1.2,1.3,1.4,1.5,1.6,1.7,1.8,1.9,2,2.1,2.2,2.3,2.4,2.5,2.6,2.7,2.8,2.9,3,3.1,3.2,3.3,3.4,3.5,3.6,3.7,3.8,3.9,4,4.1,4.2,4.3,4.4,4.5,4.6,4.7,4.8,4.9,5,5.1,5.2,5.3,5.4,5.5,5.6,5.7,5.8,5.9,6,6.1,6.2,6.3,6.4,6.5,6.6,6.7,6.8,6.9,7],[1.1,1,0.9,0.8,0.7,0.6,0.5,0.4,0.3,0.2,0.1,0,0.1,0.2,0.3,0.4,0.5,0.6,0.7,0.8,0.9,1,1.1,1.2,1.3,1.4,1.5,1.6,1.7,1.8,1.9,2,2.1,2.2,2.3,2.4,2.5,2.6,2.7,2.8,2.9,3,3.1,3.2,3.3,3.4,3.5,3.6,3.7,3.8,3.9,4,4.1,4.2,4.3,4.4,4.5,4.6,4.7,4.8,4.9,5,5.1,5.2,5.3,5.4,5.5,5.6,5.7,5.8,5.9,6,6.1,6.2,6.3,6.4,6.5,6.6,6.7,6.8,6.9],[1.2,1.1,1,0.9,0.8,0.7,0.6,0.5,0.4,0.3,0.2,0.1,0,0.1,0.2,0.3,0.4,0.5,0.6,0.7,0.8,0.9,1,1.1,1.2,1.3,1.4,1.5,1.6,1.7,1.8,1.9,2,2.1,2.2,2.3,2.4,2.5,2.6,2.7,2.8,2.9,3,3.1,3.2,3.3,3.4,3.5,3.6,3.7,3.8,3.9,4,4.1,4.2,4.3,4.4,4.5,4.6,4.7,4.8,4.9,5,5.1,5.2,5.3,5.4,5.5,5.6,5.7,5.8,5.9,6,6.1,6.2,6.3,6.4,6.5,6.6,6.7,6.8],[1.3,1.2,1.1,1,0.9,0.8,0.7,0.6,0.5,0.4,0.3,0.2,0.1,0,0.1,0.2,0.3,0.4,0.5,0.6,0.7,0.8,0.9,1,1.1,1.2,1.3,1.4,1.5,1.6,1.7,1.8,1.9,2,2.1,2.2,2.3,2.4,2.5,2.6,2.7,2.8,2.9,3,3.1,3.2,3.3,3.4,3.5,3.6,3.7,3.8,3.9,4,4.1,4.2,4.3,4.4,4.5,4.6,4.7,4.8,4.9,5,5.1,5.2,5.3,5.4,5.5,5.6,5.7,5.8,5.9,6,6.1,6.2,6.3,6.4,6.5,6.6,6.7],[1.4,1.3,1.2,1.1,1,0.9,0.8,0.7,0.6,0.5,0.4,0.3,0.2,0.1,0,0.1,0.2,0.3,0.4,0.5,0.6,0.7,0.8,0.9,1,1.1,1.2,1.3,1.4,1.5,1.6,1.7,1.8,1.9,2,2.1,2.2,2.3,2.4,2.5,2.6,2.7,2.8,2.9,3,3.1,3.2,3.3,3.4,3.5,3.6,3.7,3.8,3.9,4,4.1,4.2,4.3,4.4,4.5,4.6,4.7,4.8,4.9,5,5.1,5.2,5.3,5.4,5.5,5.6,5.7,5.8,5.9,6,6.1,6.2,6.3,6.4,6.5,6.6],[1.5,1.4,1.3,1.2,1.1,1,0.9,0.8,0.7,0.6,0.5,0.4,0.3,0.2,0.1,0,0.1,0.2,0.3,0.4,0.5,0.6,0.7,0.8,0.9,1,1.1,1.2,1.3,1.4,1.5,1.6,1.7,1.8,1.9,2,2.1,2.2,2.3,2.4,2.5,2.6,2.7,2.8,2.9,3,3.1,3.2,3.3,3.4,3.5,3.6,3.7,3.8,3.9,4,4.1,4.2,4.3,4.4,4.5,4.6,4.7,4.8,4.9,5,5.1,5.2,5.3,5.4,5.5,5.6,5.7,5.8,5.9,6,6.1,6.2,6.3,6.4,6.5],[1.6,1.5,1.4,1.3,1.2,1.1,1,0.9,0.8,0.7,0.6,0.5,0.4,0.3,0.2,0.1,0,0.1,0.2,0.3,0.4,0.5,0.6,0.7,0.8,0.9,1,1.1,1.2,1.3,1.4,1.5,1.6,1.7,1.8,1.9,2,2.1,2.2,2.3,2.4,2.5,2.6,2.7,2.8,2.9,3,3.1,3.2,3.3,3.4,3.5,3.6,3.7,3.8,3.9,4,4.1,4.2,4.3,4.4,4.5,4.6,4.7,4.8,4.9,5,5.1,5.2,5.3,5.4,5.5,5.6,5.7,5.8,5.9,6,6.1,6.2,6.3,6.4],[1.7,1.6,1.5,1.4,1.3,1.2,1.1,1,0.9,0.8,0.7,0.6,0.5,0.4,0.3,0.2,0.1,0,0.1,0.2,0.3,0.4,0.5,0.6,0.7,0.8,0.9,1,1.1,1.2,1.3,1.4,1.5,1.6,1.7,1.8,1.9,2,2.1,2.2,2.3,2.4,2.5,2.6,2.7,2.8,2.9,3,3.1,3.2,3.3,3.4,3.5,3.6,3.7,3.8,3.9,4,4.1,4.2,4.3,4.4,4.5,4.6,4.7,4.8,4.9,5,5.1,5.2,5.3,5.4,5.5,5.6,5.7,5.8,5.9,6,6.1,6.2,6.3],[1.8,1.7,1.6,1.5,1.4,1.3,1.2,1.1,1,0.9,0.8,0.7,0.6,0.5,0.4,0.3,0.2,0.1,0,0.1,0.2,0.3,0.4,0.5,0.6,0.7,0.8,0.9,1,1.1,1.2,1.3,1.4,1.5,1.6,1.7,1.8,1.9,2,2.1,2.2,2.3,2.4,2.5,2.6,2.7,2.8,2.9,3,3.1,3.2,3.3,3.4,3.5,3.6,3.7,3.8,3.9,4,4.1,4.2,4.3,4.4,4.5,4.6,4.7,4.8,4.9,5,5.1,5.2,5.3,5.4,5.5,5.6,5.7,5.8,5.9,6,6.1,6.2],[1.9,1.8,1.7,1.6,1.5,1.4,1.3,1.2,1.1,1,0.9,0.8,0.7,0.6,0.5,0.4,0.3,0.2,0.1,0,0.1,0.2,0.3,0.4,0.5,0.6,0.7,0.8,0.9,1,1.1,1.2,1.3,1.4,1.5,1.6,1.7,1.8,1.9,2,2.1,2.2,2.3,2.4,2.5,2.6,2.7,2.8,2.9,3,3.1,3.2,3.3,3.4,3.5,3.6,3.7,3.8,3.9,4,4.1,4.2,4.3,4.4,4.5,4.6,4.7,4.8,4.9,5,5.1,5.2,5.3,5.4,5.5,5.6,5.7,5.8,5.9,6,6.1],[2,1.9,1.8,1.7,1.6,1.5,1.4,1.3,1.2,1.1,1,0.9,0.8,0.7,0.6,0.5,0.4,0.3,0.2,0.1,0,0.1,0.2,0.3,0.4,0.5,0.6,0.7,0.8,0.9,1,1.1,1.2,1.3,1.4,1.5,1.6,1.7,1.8,1.9,2,2.1,2.2,2.3,2.4,2.5,2.6,2.7,2.8,2.9,3,3.1,3.2,3.3,3.4,3.5,3.6,3.7,3.8,3.9,4,4.1,4.2,4.3,4.4,4.5,4.6,4.7,4.8,4.9,5,5.1,5.2,5.3,5.4,5.5,5.6,5.7,5.8,5.9,6],[2.1,2,1.9,1.8,1.7,1.6,1.5,1.4,1.3,1.2,1.1,1,0.9,0.8,0.7,0.6,0.5,0.4,0.3,0.2,0.1,0,0.1,0.2,0.3,0.4,0.5,0.6,0.7,0.8,0.9,1,1.1,1.2,1.3,1.4,1.5,1.6,1.7,1.8,1.9,2,2.1,2.2,2.3,2.4,2.5,2.6,2.7,2.8,2.9,3,3.1,3.2,3.3,3.4,3.5,3.6,3.7,3.8,3.9,4,4.1,4.2,4.3,4.4,4.5,4.6,4.7,4.8,4.9,5,5.1,5.2,5.3,5.4,5.5,5.6,5.7,5.8,5.9],[2.2,2.1,2,1.9,1.8,1.7,1.6,1.5,1.4,1.3,1.2,1.1,1,0.9,0.8,0.7,0.6,0.5,0.4,0.3,0.2,0.1,0,0.1,0.2,0.3,0.4,0.5,0.6,0.7,0.8,0.9,1,1.1,1.2,1.3,1.4,1.5,1.6,1.7,1.8,1.9,2,2.1,2.2,2.3,2.4,2.5,2.6,2.7,2.8,2.9,3,3.1,3.2,3.3,3.4,3.5,3.6,3.7,3.8,3.9,4,4.1,4.2,4.3,4.4,4.5,4.6,4.7,4.8,4.9,5,5.1,5.2,5.3,5.4,5.5,5.6,5.7,5.8],[2.3,2.2,2.1,2,1.9,1.8,1.7,1.6,1.5,1.4,1.3,1.2,1.1,1,0.9,0.8,0.7,0.6,0.5,0.4,0.3,0.2,0.1,0,0.1,0.2,0.3,0.4,0.5,0.6,0.7,0.8,0.9,1,1.1,1.2,1.3,1.4,1.5,1.6,1.7,1.8,1.9,2,2.1,2.2,2.3,2.4,2.5,2.6,2.7,2.8,2.9,3,3.1,3.2,3.3,3.4,3.5,3.6,3.7,3.8,3.9,4,4.1,4.2,4.3,4.4,4.5,4.6,4.7,4.8,4.9,5,5.1,5.2,5.3,5.4,5.5,5.6,5.7],[2.4,2.3,2.2,2.1,2,1.9,1.8,1.7,1.6,1.5,1.4,1.3,1.2,1.1,1,0.9,0.8,0.7,0.6,0.5,0.4,0.3,0.2,0.1,0,0.1,0.2,0.3,0.4,0.5,0.6,0.7,0.8,0.9,1,1.1,1.2,1.3,1.4,1.5,1.6,1.7,1.8,1.9,2,2.1,2.2,2.3,2.4,2.5,2.6,2.7,2.8,2.9,3,3.1,3.2,3.3,3.4,3.5,3.6,3.7,3.8,3.9,4,4.1,4.2,4.3,4.4,4.5,4.6,4.7,4.8,4.9,5,5.1,5.2,5.3,5.4,5.5,5.6],[2.5,2.4,2.3,2.2,2.1,2,1.9,1.8,1.7,1.6,1.5,1.4,1.3,1.2,1.1,1,0.9,0.8,0.7,0.6,0.5,0.4,0.3,0.2,0.1,0,0.1,0.2,0.3,0.4,0.5,0.6,0.7,0.8,0.9,1,1.1,1.2,1.3,1.4,1.5,1.6,1.7,1.8,1.9,2,2.1,2.2,2.3,2.4,2.5,2.6,2.7,2.8,2.9,3,3.1,3.2,3.3,3.4,3.5,3.6,3.7,3.8,3.9,4,4.1,4.2,4.3,4.4,4.5,4.6,4.7,4.8,4.9,5,5.1,5.2,5.3,5.4,5.5],[2.6,2.5,2.4,2.3,2.2,2.1,2,1.9,1.8,1.7,1.6,1.5,1.4,1.3,1.2,1.1,1,0.9,0.8,0.7,0.6,0.5,0.4,0.3,0.2,0.1,0,0.1,0.2,0.3,0.4,0.5,0.6,0.7,0.8,0.9,1,1.1,1.2,1.3,1.4,1.5,1.6,1.7,1.8,1.9,2,2.1,2.2,2.3,2.4,2.5,2.6,2.7,2.8,2.9,3,3.1,3.2,3.3,3.4,3.5,3.6,3.7,3.8,3.9,4,4.1,4.2,4.3,4.4,4.5,4.6,4.7,4.8,4.9,5,5.1,5.2,5.3,5.4],[2.7,2.6,2.5,2.4,2.3,2.2,2.1,2,1.9,1.8,1.7,1.6,1.5,1.4,1.3,1.2,1.1,1,0.9,0.8,0.7,0.6,0.5,0.4,0.3,0.2,0.1,0,0.1,0.2,0.3,0.4,0.5,0.6,0.7,0.8,0.9,1,1.1,1.2,1.3,1.4,1.5,1.6,1.7,1.8,1.9,2,2.1,2.2,2.3,2.4,2.5,2.6,2.7,2.8,2.9,3,3.1,3.2,3.3,3.4,3.5,3.6,3.7,3.8,3.9,4,4.1,4.2,4.3,4.4,4.5,4.6,4.7,4.8,4.9,5,5.1,5.2,5.3],[2.8,2.7,2.6,2.5,2.4,2.3,2.2,2.1,2,1.9,1.8,1.7,1.6,1.5,1.4,1.3,1.2,1.1,1,0.9,0.8,0.7,0.6,0.5,0.4,0.3,0.2,0.1,0,0.1,0.2,0.3,0.4,0.5,0.6,0.7,0.8,0.9,1,1.1,1.2,1.3,1.4,1.5,1.6,1.7,1.8,1.9,2,2.1,2.2,2.3,2.4,2.5,2.6,2.7,2.8,2.9,3,3.1,3.2,3.3,3.4,3.5,3.6,3.7,3.8,3.9,4,4.1,4.2,4.3,4.4,4.5,4.6,4.7,4.8,4.9,5,5.1,5.2],[2.9,2.8,2.7,2.6,2.5,2.4,2.3,2.2,2.1,2,1.9,1.8,1.7,1.6,1.5,1.4,1.3,1.2,1.1,1,0.9,0.8,0.7,0.6,0.5,0.4,0.3,0.2,0.1,0,0.1,0.2,0.3,0.4,0.5,0.6,0.7,0.8,0.9,1,1.1,1.2,1.3,1.4,1.5,1.6,1.7,1.8,1.9,2,2.1,2.2,2.3,2.4,2.5,2.6,2.7,2.8,2.9,3,3.1,3.2,3.3,3.4,3.5,3.6,3.7,3.8,3.9,4,4.1,4.2,4.3,4.4,4.5,4.6,4.7,4.8,4.9,5,5.1],[3,2.9,2.8,2.7,2.6,2.5,2.4,2.3,2.2,2.1,2,1.9,1.8,1.7,1.6,1.5,1.4,1.3,1.2,1.1,1,0.9,0.8,0.7,0.6,0.5,0.4,0.3,0.2,0.1,0,0.1,0.2,0.3,0.4,0.5,0.6,0.7,0.8,0.9,1,1.1,1.2,1.3,1.4,1.5,1.6,1.7,1.8,1.9,2,2.1,2.2,2.3,2.4,2.5,2.6,2.7,2.8,2.9,3,3.1,3.2,3.3,3.4,3.5,3.6,3.7,3.8,3.9,4,4.1,4.2,4.3,4.4,4.5,4.6,4.7,4.8,4.9,5],[3.1,3,2.9,2.8,2.7,2.6,2.5,2.4,2.3,2.2,2.1,2,1.9,1.8,1.7,1.6,1.5,1.4,1.3,1.2,1.1,1,0.9,0.8,0.7,0.6,0.5,0.4,0.3,0.2,0.1,0,0.1,0.2,0.3,0.4,0.5,0.6,0.7,0.8,0.9,1,1.1,1.2,1.3,1.4,1.5,1.6,1.7,1.8,1.9,2,2.1,2.2,2.3,2.4,2.5,2.6,2.7,2.8,2.9,3,3.1,3.2,3.3,3.4,3.5,3.6,3.7,3.8,3.9,4,4.1,4.2,4.3,4.4,4.5,4.6,4.7,4.8,4.9],[3.2,3.1,3,2.9,2.8,2.7,2.6,2.5,2.4,2.3,2.2,2.1,2,1.9,1.8,1.7,1.6,1.5,1.4,1.3,1.2,1.1,1,0.9,0.8,0.7,0.6,0.5,0.4,0.3,0.2,0.1,0,0.1,0.2,0.3,0.4,0.5,0.6,0.7,0.8,0.9,1,1.1,1.2,1.3,1.4,1.5,1.6,1.7,1.8,1.9,2,2.1,2.2,2.3,2.4,2.5,2.6,2.7,2.8,2.9,3,3.1,3.2,3.3,3.4,3.5,3.6,3.7,3.8,3.9,4,4.1,4.2,4.3,4.4,4.5,4.6,4.7,4.8],[3.3,3.2,3.1,3,2.9,2.8,2.7,2.6,2.5,2.4,2.3,2.2,2.1,2,1.9,1.8,1.7,1.6,1.5,1.4,1.3,1.2,1.1,1,0.9,0.8,0.7,0.6,0.5,0.4,0.3,0.2,0.1,0,0.1,0.2,0.3,0.4,0.5,0.6,0.7,0.8,0.9,1,1.1,1.2,1.3,1.4,1.5,1.6,1.7,1.8,1.9,2,2.1,2.2,2.3,2.4,2.5,2.6,2.7,2.8,2.9,3,3.1,3.2,3.3,3.4,3.5,3.6,3.7,3.8,3.9,4,4.1,4.2,4.3,4.4,4.5,4.6,4.7],[3.4,3.3,3.2,3.1,3,2.9,2.8,2.7,2.6,2.5,2.4,2.3,2.2,2.1,2,1.9,1.8,1.7,1.6,1.5,1.4,1.3,1.2,1.1,1,0.9,0.8,0.7,0.6,0.5,0.4,0.3,0.2,0.1,0,0.1,0.2,0.3,0.4,0.5,0.6,0.7,0.8,0.9,1,1.1,1.2,1.3,1.4,1.5,1.6,1.7,1.8,1.9,2,2.1,2.2,2.3,2.4,2.5,2.6,2.7,2.8,2.9,3,3.1,3.2,3.3,3.4,3.5,3.6,3.7,3.8,3.9,4,4.1,4.2,4.3,4.4,4.5,4.6],[3.5,3.4,3.3,3.2,3.1,3,2.9,2.8,2.7,2.6,2.5,2.4,2.3,2.2,2.1,2,1.9,1.8,1.7,1.6,1.5,1.4,1.3,1.2,1.1,1,0.9,0.8,0.7,0.6,0.5,0.4,0.3,0.2,0.1,0,0.1,0.2,0.3,0.4,0.5,0.6,0.7,0.8,0.9,1,1.1,1.2,1.3,1.4,1.5,1.6,1.7,1.8,1.9,2,2.1,2.2,2.3,2.4,2.5,2.6,2.7,2.8,2.9,3,3.1,3.2,3.3,3.4,3.5,3.6,3.7,3.8,3.9,4,4.1,4.2,4.3,4.4,4.5],[3.6,3.5,3.4,3.3,3.2,3.1,3,2.9,2.8,2.7,2.6,2.5,2.4,2.3,2.2,2.1,2,1.9,1.8,1.7,1.6,1.5,1.4,1.3,1.2,1.1,1,0.9,0.8,0.7,0.6,0.5,0.4,0.3,0.2,0.1,0,0.1,0.2,0.3,0.4,0.5,0.6,0.7,0.8,0.9,1,1.1,1.2,1.3,1.4,1.5,1.6,1.7,1.8,1.9,2,2.1,2.2,2.3,2.4,2.5,2.6,2.7,2.8,2.9,3,3.1,3.2,3.3,3.4,3.5,3.6,3.7,3.8,3.9,4,4.1,4.2,4.3,4.4],[3.7,3.6,3.5,3.4,3.3,3.2,3.1,3,2.9,2.8,2.7,2.6,2.5,2.4,2.3,2.2,2.1,2,1.9,1.8,1.7,1.6,1.5,1.4,1.3,1.2,1.1,1,0.9,0.8,0.7,0.6,0.5,0.4,0.3,0.2,0.1,0,0.1,0.2,0.3,0.4,0.5,0.6,0.7,0.8,0.9,1,1.1,1.2,1.3,1.4,1.5,1.6,1.7,1.8,1.9,2,2.1,2.2,2.3,2.4,2.5,2.6,2.7,2.8,2.9,3,3.1,3.2,3.3,3.4,3.5,3.6,3.7,3.8,3.9,4,4.1,4.2,4.3],[3.8,3.7,3.6,3.5,3.4,3.3,3.2,3.1,3,2.9,2.8,2.7,2.6,2.5,2.4,2.3,2.2,2.1,2,1.9,1.8,1.7,1.6,1.5,1.4,1.3,1.2,1.1,1,0.9,0.8,0.7,0.6,0.5,0.4,0.3,0.2,0.1,0,0.1,0.2,0.3,0.4,0.5,0.6,0.7,0.8,0.9,1,1.1,1.2,1.3,1.4,1.5,1.6,1.7,1.8,1.9,2,2.1,2.2,2.3,2.4,2.5,2.6,2.7,2.8,2.9,3,3.1,3.2,3.3,3.4,3.5,3.6,3.7,3.8,3.9,4,4.1,4.2],[3.9,3.8,3.7,3.6,3.5,3.4,3.3,3.2,3.1,3,2.9,2.8,2.7,2.6,2.5,2.4,2.3,2.2,2.1,2,1.9,1.8,1.7,1.6,1.5,1.4,1.3,1.2,1.1,1,0.9,0.8,0.7,0.6,0.5,0.4,0.3,0.2,0.1,0,0.1,0.2,0.3,0.4,0.5,0.6,0.7,0.8,0.9,1,1.1,1.2,1.3,1.4,1.5,1.6,1.7,1.8,1.9,2,2.1,2.2,2.3,2.4,2.5,2.6,2.7,2.8,2.9,3,3.1,3.2,3.3,3.4,3.5,3.6,3.7,3.8,3.9,4,4.1],[4,3.9,3.8,3.7,3.6,3.5,3.4,3.3,3.2,3.1,3,2.9,2.8,2.7,2.6,2.5,2.4,2.3,2.2,2.1,2,1.9,1.8,1.7,1.6,1.5,1.4,1.3,1.2,1.1,1,0.9,0.8,0.7,0.6,0.5,0.4,0.3,0.2,0.1,0,0.1,0.2,0.3,0.4,0.5,0.6,0.7,0.8,0.9,1,1.1,1.2,1.3,1.4,1.5,1.6,1.7,1.8,1.9,2,2.1,2.2,2.3,2.4,2.5,2.6,2.7,2.8,2.9,3,3.1,3.2,3.3,3.4,3.5,3.6,3.7,3.8,3.9,4],[4.1,4,3.9,3.8,3.7,3.6,3.5,3.4,3.3,3.2,3.1,3,2.9,2.8,2.7,2.6,2.5,2.4,2.3,2.2,2.1,2,1.9,1.8,1.7,1.6,1.5,1.4,1.3,1.2,1.1,1,0.9,0.8,0.7,0.6,0.5,0.4,0.3,0.2,0.1,0,0.1,0.2,0.3,0.4,0.5,0.6,0.7,0.8,0.9,1,1.1,1.2,1.3,1.4,1.5,1.6,1.7,1.8,1.9,2,2.1,2.2,2.3,2.4,2.5,2.6,2.7,2.8,2.9,3,3.1,3.2,3.3,3.4,3.5,3.6,3.7,3.8,3.9],[4.2,4.1,4,3.9,3.8,3.7,3.6,3.5,3.4,3.3,3.2,3.1,3,2.9,2.8,2.7,2.6,2.5,2.4,2.3,2.2,2.1,2,1.9,1.8,1.7,1.6,1.5,1.4,1.3,1.2,1.1,1,0.9,0.8,0.7,0.6,0.5,0.4,0.3,0.2,0.1,0,0.1,0.2,0.3,0.4,0.5,0.6,0.7,0.8,0.9,1,1.1,1.2,1.3,1.4,1.5,1.6,1.7,1.8,1.9,2,2.1,2.2,2.3,2.4,2.5,2.6,2.7,2.8,2.9,3,3.1,3.2,3.3,3.4,3.5,3.6,3.7,3.8],[4.3,4.2,4.1,4,3.9,3.8,3.7,3.6,3.5,3.4,3.3,3.2,3.1,3,2.9,2.8,2.7,2.6,2.5,2.4,2.3,2.2,2.1,2,1.9,1.8,1.7,1.6,1.5,1.4,1.3,1.2,1.1,1,0.9,0.8,0.7,0.6,0.5,0.4,0.3,0.2,0.1,0,0.1,0.2,0.3,0.4,0.5,0.6,0.7,0.8,0.9,1,1.1,1.2,1.3,1.4,1.5,1.6,1.7,1.8,1.9,2,2.1,2.2,2.3,2.4,2.5,2.6,2.7,2.8,2.9,3,3.1,3.2,3.3,3.4,3.5,3.6,3.7],[4.4,4.3,4.2,4.1,4,3.9,3.8,3.7,3.6,3.5,3.4,3.3,3.2,3.1,3,2.9,2.8,2.7,2.6,2.5,2.4,2.3,2.2,2.1,2,1.9,1.8,1.7,1.6,1.5,1.4,1.3,1.2,1.1,1,0.9,0.8,0.7,0.6,0.5,0.4,0.3,0.2,0.1,0,0.1,0.2,0.3,0.4,0.5,0.6,0.7,0.8,0.9,1,1.1,1.2,1.3,1.4,1.5,1.6,1.7,1.8,1.9,2,2.1,2.2,2.3,2.4,2.5,2.6,2.7,2.8,2.9,3,3.1,3.2,3.3,3.4,3.5,3.6],[4.5,4.4,4.3,4.2,4.1,4,3.9,3.8,3.7,3.6,3.5,3.4,3.3,3.2,3.1,3,2.9,2.8,2.7,2.6,2.5,2.4,2.3,2.2,2.1,2,1.9,1.8,1.7,1.6,1.5,1.4,1.3,1.2,1.1,1,0.9,0.8,0.7,0.6,0.5,0.4,0.3,0.2,0.1,0,0.1,0.2,0.3,0.4,0.5,0.6,0.7,0.8,0.9,1,1.1,1.2,1.3,1.4,1.5,1.6,1.7,1.8,1.9,2,2.1,2.2,2.3,2.4,2.5,2.6,2.7,2.8,2.9,3,3.1,3.2,3.3,3.4,3.5],[4.6,4.5,4.4,4.3,4.2,4.1,4,3.9,3.8,3.7,3.6,3.5,3.4,3.3,3.2,3.1,3,2.9,2.8,2.7,2.6,2.5,2.4,2.3,2.2,2.1,2,1.9,1.8,1.7,1.6,1.5,1.4,1.3,1.2,1.1,1,0.9,0.8,0.7,0.6,0.5,0.4,0.3,0.2,0.1,0,0.1,0.2,0.3,0.4,0.5,0.6,0.7,0.8,0.9,1,1.1,1.2,1.3,1.4,1.5,1.6,1.7,1.8,1.9,2,2.1,2.2,2.3,2.4,2.5,2.6,2.7,2.8,2.9,3,3.1,3.2,3.3,3.4],[4.7,4.6,4.5,4.4,4.3,4.2,4.1,4,3.9,3.8,3.7,3.6,3.5,3.4,3.3,3.2,3.1,3,2.9,2.8,2.7,2.6,2.5,2.4,2.3,2.2,2.1,2,1.9,1.8,1.7,1.6,1.5,1.4,1.3,1.2,1.1,1,0.9,0.8,0.7,0.6,0.5,0.4,0.3,0.2,0.1,0,0.1,0.2,0.3,0.4,0.5,0.6,0.7,0.8,0.9,1,1.1,1.2,1.3,1.4,1.5,1.6,1.7,1.8,1.9,2,2.1,2.2,2.3,2.4,2.5,2.6,2.7,2.8,2.9,3,3.1,3.2,3.3],[4.8,4.7,4.6,4.5,4.4,4.3,4.2,4.1,4,3.9,3.8,3.7,3.6,3.5,3.4,3.3,3.2,3.1,3,2.9,2.8,2.7,2.6,2.5,2.4,2.3,2.2,2.1,2,1.9,1.8,1.7,1.6,1.5,1.4,1.3,1.2,1.1,1,0.9,0.8,0.7,0.6,0.5,0.4,0.3,0.2,0.1,0,0.1,0.2,0.3,0.4,0.5,0.6,0.7,0.8,0.9,1,1.1,1.2,1.3,1.4,1.5,1.6,1.7,1.8,1.9,2,2.1,2.2,2.3,2.4,2.5,2.6,2.7,2.8,2.9,3,3.1,3.2],[4.9,4.8,4.7,4.6,4.5,4.4,4.3,4.2,4.1,4,3.9,3.8,3.7,3.6,3.5,3.4,3.3,3.2,3.1,3,2.9,2.8,2.7,2.6,2.5,2.4,2.3,2.2,2.1,2,1.9,1.8,1.7,1.6,1.5,1.4,1.3,1.2,1.1,1,0.9,0.8,0.7,0.6,0.5,0.4,0.3,0.2,0.1,0,0.1,0.2,0.3,0.4,0.5,0.6,0.7,0.8,0.9,1,1.1,1.2,1.3,1.4,1.5,1.6,1.7,1.8,1.9,2,2.1,2.2,2.3,2.4,2.5,2.6,2.7,2.8,2.9,3,3.1],[5,4.9,4.8,4.7,4.6,4.5,4.4,4.3,4.2,4.1,4,3.9,3.8,3.7,3.6,3.5,3.4,3.3,3.2,3.1,3,2.9,2.8,2.7,2.6,2.5,2.4,2.3,2.2,2.1,2,1.9,1.8,1.7,1.6,1.5,1.4,1.3,1.2,1.1,1,0.9,0.8,0.7,0.6,0.5,0.4,0.3,0.2,0.1,0,0.1,0.2,0.3,0.4,0.5,0.6,0.7,0.8,0.9,1,1.1,1.2,1.3,1.4,1.5,1.6,1.7,1.8,1.9,2,2.1,2.2,2.3,2.4,2.5,2.6,2.7,2.8,2.9,3],[5.1,5,4.9,4.8,4.7,4.6,4.5,4.4,4.3,4.2,4.1,4,3.9,3.8,3.7,3.6,3.5,3.4,3.3,3.2,3.1,3,2.9,2.8,2.7,2.6,2.5,2.4,2.3,2.2,2.1,2,1.9,1.8,1.7,1.6,1.5,1.4,1.3,1.2,1.1,1,0.9,0.8,0.7,0.6,0.5,0.4,0.3,0.2,0.1,0,0.1,0.2,0.3,0.4,0.5,0.6,0.7,0.8,0.9,1,1.1,1.2,1.3,1.4,1.5,1.6,1.7,1.8,1.9,2,2.1,2.2,2.3,2.4,2.5,2.6,2.7,2.8,2.9],[5.2,5.1,5,4.9,4.8,4.7,4.6,4.5,4.4,4.3,4.2,4.1,4,3.9,3.8,3.7,3.6,3.5,3.4,3.3,3.2,3.1,3,2.9,2.8,2.7,2.6,2.5,2.4,2.3,2.2,2.1,2,1.9,1.8,1.7,1.6,1.5,1.4,1.3,1.2,1.1,1,0.9,0.8,0.7,0.6,0.5,0.4,0.3,0.2,0.1,0,0.1,0.2,0.3,0.4,0.5,0.6,0.7,0.8,0.9,1,1.1,1.2,1.3,1.4,1.5,1.6,1.7,1.8,1.9,2,2.1,2.2,2.3,2.4,2.5,2.6,2.7,2.8],[5.3,5.2,5.1,5,4.9,4.8,4.7,4.6,4.5,4.4,4.3,4.2,4.1,4,3.9,3.8,3.7,3.6,3.5,3.4,3.3,3.2,3.1,3,2.9,2.8,2.7,2.6,2.5,2.4,2.3,2.2,2.1,2,1.9,1.8,1.7,1.6,1.5,1.4,1.3,1.2,1.1,1,0.9,0.8,0.7,0.6,0.5,0.4,0.3,0.2,0.1,0,0.1,0.2,0.3,0.4,0.5,0.6,0.7,0.8,0.9,1,1.1,1.2,1.3,1.4,1.5,1.6,1.7,1.8,1.9,2,2.1,2.2,2.3,2.4,2.5,2.6,2.7],[5.4,5.3,5.2,5.1,5,4.9,4.8,4.7,4.6,4.5,4.4,4.3,4.2,4.1,4,3.9,3.8,3.7,3.6,3.5,3.4,3.3,3.2,3.1,3,2.9,2.8,2.7,2.6,2.5,2.4,2.3,2.2,2.1,2,1.9,1.8,1.7,1.6,1.5,1.4,1.3,1.2,1.1,1,0.9,0.8,0.7,0.6,0.5,0.4,0.3,0.2,0.1,0,0.1,0.2,0.3,0.4,0.5,0.6,0.7,0.8,0.9,1,1.1,1.2,1.3,1.4,1.5,1.6,1.7,1.8,1.9,2,2.1,2.2,2.3,2.4,2.5,2.6],[5.5,5.4,5.3,5.2,5.1,5,4.9,4.8,4.7,4.6,4.5,4.4,4.3,4.2,4.1,4,3.9,3.8,3.7,3.6,3.5,3.4,3.3,3.2,3.1,3,2.9,2.8,2.7,2.6,2.5,2.4,2.3,2.2,2.1,2,1.9,1.8,1.7,1.6,1.5,1.4,1.3,1.2,1.1,1,0.9,0.8,0.7,0.6,0.5,0.4,0.3,0.2,0.1,0,0.1,0.2,0.3,0.4,0.5,0.6,0.7,0.8,0.9,1,1.1,1.2,1.3,1.4,1.5,1.6,1.7,1.8,1.9,2,2.1,2.2,2.3,2.4,2.5],[5.6,5.5,5.4,5.3,5.2,5.1,5,4.9,4.8,4.7,4.6,4.5,4.4,4.3,4.2,4.1,4,3.9,3.8,3.7,3.6,3.5,3.4,3.3,3.2,3.1,3,2.9,2.8,2.7,2.6,2.5,2.4,2.3,2.2,2.1,2,1.9,1.8,1.7,1.6,1.5,1.4,1.3,1.2,1.1,1,0.9,0.8,0.7,0.6,0.5,0.4,0.3,0.2,0.1,0,0.1,0.2,0.3,0.4,0.5,0.6,0.7,0.8,0.9,1,1.1,1.2,1.3,1.4,1.5,1.6,1.7,1.8,1.9,2,2.1,2.2,2.3,2.4],[5.7,5.6,5.5,5.4,5.3,5.2,5.1,5,4.9,4.8,4.7,4.6,4.5,4.4,4.3,4.2,4.1,4,3.9,3.8,3.7,3.6,3.5,3.4,3.3,3.2,3.1,3,2.9,2.8,2.7,2.6,2.5,2.4,2.3,2.2,2.1,2,1.9,1.8,1.7,1.6,1.5,1.4,1.3,1.2,1.1,1,0.9,0.8,0.7,0.6,0.5,0.4,0.3,0.2,0.1,0,0.1,0.2,0.3,0.4,0.5,0.6,0.7,0.8,0.9,1,1.1,1.2,1.3,1.4,1.5,1.6,1.7,1.8,1.9,2,2.1,2.2,2.3],[5.8,5.7,5.6,5.5,5.4,5.3,5.2,5.1,5,4.9,4.8,4.7,4.6,4.5,4.4,4.3,4.2,4.1,4,3.9,3.8,3.7,3.6,3.5,3.4,3.3,3.2,3.1,3,2.9,2.8,2.7,2.6,2.5,2.4,2.3,2.2,2.1,2,1.9,1.8,1.7,1.6,1.5,1.4,1.3,1.2,1.1,1,0.9,0.8,0.7,0.6,0.5,0.4,0.3,0.2,0.1,0,0.1,0.2,0.3,0.4,0.5,0.6,0.7,0.8,0.9,1,1.1,1.2,1.3,1.4,1.5,1.6,1.7,1.8,1.9,2,2.1,2.2],[5.9,5.8,5.7,5.6,5.5,5.4,5.3,5.2,5.1,5,4.9,4.8,4.7,4.6,4.5,4.4,4.3,4.2,4.1,4,3.9,3.8,3.7,3.6,3.5,3.4,3.3,3.2,3.1,3,2.9,2.8,2.7,2.6,2.5,2.4,2.3,2.2,2.1,2,1.9,1.8,1.7,1.6,1.5,1.4,1.3,1.2,1.1,1,0.9,0.8,0.7,0.6,0.5,0.4,0.3,0.2,0.1,0,0.1,0.2,0.3,0.4,0.5,0.6,0.7,0.8,0.9,1,1.1,1.2,1.3,1.4,1.5,1.6,1.7,1.8,1.9,2,2.1],[6,5.9,5.8,5.7,5.6,5.5,5.4,5.3,5.2,5.1,5,4.9,4.8,4.7,4.6,4.5,4.4,4.3,4.2,4.1,4,3.9,3.8,3.7,3.6,3.5,3.4,3.3,3.2,3.1,3,2.9,2.8,2.7,2.6,2.5,2.4,2.3,2.2,2.1,2,1.9,1.8,1.7,1.6,1.5,1.4,1.3,1.2,1.1,1,0.9,0.8,0.7,0.6,0.5,0.4,0.3,0.2,0.1,0,0.1,0.2,0.3,0.4,0.5,0.6,0.7,0.8,0.9,1,1.1,1.2,1.3,1.4,1.5,1.6,1.7,1.8,1.9,2],[6.1,6,5.9,5.8,5.7,5.6,5.5,5.4,5.3,5.2,5.1,5,4.9,4.8,4.7,4.6,4.5,4.4,4.3,4.2,4.1,4,3.9,3.8,3.7,3.6,3.5,3.4,3.3,3.2,3.1,3,2.9,2.8,2.7,2.6,2.5,2.4,2.3,2.2,2.1,2,1.9,1.8,1.7,1.6,1.5,1.4,1.3,1.2,1.1,1,0.9,0.8,0.7,0.6,0.5,0.4,0.3,0.2,0.1,0,0.1,0.2,0.3,0.4,0.5,0.6,0.7,0.8,0.9,1,1.1,1.2,1.3,1.4,1.5,1.6,1.7,1.8,1.9],[6.2,6.1,6,5.9,5.8,5.7,5.6,5.5,5.4,5.3,5.2,5.1,5,4.9,4.8,4.7,4.6,4.5,4.4,4.3,4.2,4.1,4,3.9,3.8,3.7,3.6,3.5,3.4,3.3,3.2,3.1,3,2.9,2.8,2.7,2.6,2.5,2.4,2.3,2.2,2.1,2,1.9,1.8,1.7,1.6,1.5,1.4,1.3,1.2,1.1,1,0.9,0.8,0.7,0.6,0.5,0.4,0.3,0.2,0.1,0,0.1,0.2,0.3,0.4,0.5,0.6,0.7,0.8,0.9,1,1.1,1.2,1.3,1.4,1.5,1.6,1.7,1.8],[6.3,6.2,6.1,6,5.9,5.8,5.7,5.6,5.5,5.4,5.3,5.2,5.1,5,4.9,4.8,4.7,4.6,4.5,4.4,4.3,4.2,4.1,4,3.9,3.8,3.7,3.6,3.5,3.4,3.3,3.2,3.1,3,2.9,2.8,2.7,2.6,2.5,2.4,2.3,2.2,2.1,2,1.9,1.8,1.7,1.6,1.5,1.4,1.3,1.2,1.1,1,0.9,0.8,0.7,0.6,0.5,0.4,0.3,0.2,0.1,0,0.1,0.2,0.3,0.4,0.5,0.6,0.7,0.8,0.9,1,1.1,1.2,1.3,1.4,1.5,1.6,1.7],[6.4,6.3,6.2,6.1,6,5.9,5.8,5.7,5.6,5.5,5.4,5.3,5.2,5.1,5,4.9,4.8,4.7,4.6,4.5,4.4,4.3,4.2,4.1,4,3.9,3.8,3.7,3.6,3.5,3.4,3.3,3.2,3.1,3,2.9,2.8,2.7,2.6,2.5,2.4,2.3,2.2,2.1,2,1.9,1.8,1.7,1.6,1.5,1.4,1.3,1.2,1.1,1,0.9,0.8,0.7,0.6,0.5,0.4,0.3,0.2,0.1,0,0.1,0.2,0.3,0.4,0.5,0.6,0.7,0.8,0.9,1,1.1,1.2,1.3,1.4,1.5,1.6],[6.5,6.4,6.3,6.2,6.1,6,5.9,5.8,5.7,5.6,5.5,5.4,5.3,5.2,5.1,5,4.9,4.8,4.7,4.6,4.5,4.4,4.3,4.2,4.1,4,3.9,3.8,3.7,3.6,3.5,3.4,3.3,3.2,3.1,3,2.9,2.8,2.7,2.6,2.5,2.4,2.3,2.2,2.1,2,1.9,1.8,1.7,1.6,1.5,1.4,1.3,1.2,1.1,1,0.9,0.8,0.7,0.6,0.5,0.4,0.3,0.2,0.1,0,0.1,0.2,0.3,0.4,0.5,0.6,0.7,0.8,0.9,1,1.1,1.2,1.3,1.4,1.5],[6.6,6.5,6.4,6.3,6.2,6.1,6,5.9,5.8,5.7,5.6,5.5,5.4,5.3,5.2,5.1,5,4.9,4.8,4.7,4.6,4.5,4.4,4.3,4.2,4.1,4,3.9,3.8,3.7,3.6,3.5,3.4,3.3,3.2,3.1,3,2.9,2.8,2.7,2.6,2.5,2.4,2.3,2.2,2.1,2,1.9,1.8,1.7,1.6,1.5,1.4,1.3,1.2,1.1,1,0.9,0.8,0.7,0.6,0.5,0.4,0.3,0.2,0.1,0,0.1,0.2,0.3,0.4,0.5,0.6,0.7,0.8,0.9,1,1.1,1.2,1.3,1.4],[6.7,6.6,6.5,6.4,6.3,6.2,6.1,6,5.9,5.8,5.7,5.6,5.5,5.4,5.3,5.2,5.1,5,4.9,4.8,4.7,4.6,4.5,4.4,4.3,4.2,4.1,4,3.9,3.8,3.7,3.6,3.5,3.4,3.3,3.2,3.1,3,2.9,2.8,2.7,2.6,2.5,2.4,2.3,2.2,2.1,2,1.9,1.8,1.7,1.6,1.5,1.4,1.3,1.2,1.1,1,0.9,0.8,0.7,0.6,0.5,0.4,0.3,0.2,0.1,0,0.1,0.2,0.3,0.4,0.5,0.6,0.7,0.8,0.9,1,1.1,1.2,1.3],[6.8,6.7,6.6,6.5,6.4,6.3,6.2,6.1,6,5.9,5.8,5.7,5.6,5.5,5.4,5.3,5.2,5.1,5,4.9,4.8,4.7,4.6,4.5,4.4,4.3,4.2,4.1,4,3.9,3.8,3.7,3.6,3.5,3.4,3.3,3.2,3.1,3,2.9,2.8,2.7,2.6,2.5,2.4,2.3,2.2,2.1,2,1.9,1.8,1.7,1.6,1.5,1.4,1.3,1.2,1.1,1,0.9,0.8,0.7,0.6,0.5,0.4,0.3,0.2,0.1,0,0.1,0.2,0.3,0.4,0.5,0.6,0.7,0.8,0.9,1,1.1,1.2],[6.9,6.8,6.7,6.6,6.5,6.4,6.3,6.2,6.1,6,5.9,5.8,5.7,5.6,5.5,5.4,5.3,5.2,5.1,5,4.9,4.8,4.7,4.6,4.5,4.4,4.3,4.2,4.1,4,3.9,3.8,3.7,3.6,3.5,3.4,3.3,3.2,3.1,3,2.9,2.8,2.7,2.6,2.5,2.4,2.3,2.2,2.1,2,1.9,1.8,1.7,1.6,1.5,1.4,1.3,1.2,1.1,1,0.9,0.8,0.7,0.6,0.5,0.4,0.3,0.2,0.1,0,0.1,0.2,0.3,0.4,0.5,0.6,0.7,0.8,0.9,1,1.1],[7,6.9,6.8,6.7,6.6,6.5,6.4,6.3,6.2,6.1,6,5.9,5.8,5.7,5.6,5.5,5.4,5.3,5.2,5.1,5,4.9,4.8,4.7,4.6,4.5,4.4,4.3,4.2,4.1,4,3.9,3.8,3.7,3.6,3.5,3.4,3.3,3.2,3.1,3,2.9,2.8,2.7,2.6,2.5,2.4,2.3,2.2,2.1,2,1.9,1.8,1.7,1.6,1.5,1.4,1.3,1.2,1.1,1,0.9,0.8,0.7,0.6,0.5,0.4,0.3,0.2,0.1,0,0.1,0.2,0.3,0.4,0.5,0.6,0.7,0.8,0.9,1],[7.1,7,6.9,6.8,6.7,6.6,6.5,6.4,6.3,6.2,6.1,6,5.9,5.8,5.7,5.6,5.5,5.4,5.3,5.2,5.1,5,4.9,4.8,4.7,4.6,4.5,4.4,4.3,4.2,4.1,4,3.9,3.8,3.7,3.6,3.5,3.4,3.3,3.2,3.1,3,2.9,2.8,2.7,2.6,2.5,2.4,2.3,2.2,2.1,2,1.9,1.8,1.7,1.6,1.5,1.4,1.3,1.2,1.1,1,0.9,0.8,0.7,0.6,0.5,0.4,0.3,0.2,0.1,0,0.1,0.2,0.3,0.4,0.5,0.6,0.7,0.8,0.9],[7.2,7.1,7,6.9,6.8,6.7,6.6,6.5,6.4,6.3,6.2,6.1,6,5.9,5.8,5.7,5.6,5.5,5.4,5.3,5.2,5.1,5,4.9,4.8,4.7,4.6,4.5,4.4,4.3,4.2,4.1,4,3.9,3.8,3.7,3.6,3.5,3.4,3.3,3.2,3.1,3,2.9,2.8,2.7,2.6,2.5,2.4,2.3,2.2,2.1,2,1.9,1.8,1.7,1.6,1.5,1.4,1.3,1.2,1.1,1,0.9,0.8,0.7,0.6,0.5,0.4,0.3,0.2,0.1,0,0.1,0.2,0.3,0.4,0.5,0.6,0.7,0.8],[7.3,7.2,7.1,7,6.9,6.8,6.7,6.6,6.5,6.4,6.3,6.2,6.1,6,5.9,5.8,5.7,5.6,5.5,5.4,5.3,5.2,5.1,5,4.9,4.8,4.7,4.6,4.5,4.4,4.3,4.2,4.1,4,3.9,3.8,3.7,3.6,3.5,3.4,3.3,3.2,3.1,3,2.9,2.8,2.7,2.6,2.5,2.4,2.3,2.2,2.1,2,1.9,1.8,1.7,1.6,1.5,1.4,1.3,1.2,1.1,1,0.9,0.8,0.7,0.6,0.5,0.4,0.3,0.2,0.1,0,0.1,0.2,0.3,0.4,0.5,0.6,0.7],[7.4,7.3,7.2,7.1,7,6.9,6.8,6.7,6.6,6.5,6.4,6.3,6.2,6.1,6,5.9,5.8,5.7,5.6,5.5,5.4,5.3,5.2,5.1,5,4.9,4.8,4.7,4.6,4.5,4.4,4.3,4.2,4.1,4,3.9,3.8,3.7,3.6,3.5,3.4,3.3,3.2,3.1,3,2.9,2.8,2.7,2.6,2.5,2.4,2.3,2.2,2.1,2,1.9,1.8,1.7,1.6,1.5,1.4,1.3,1.2,1.1,1,0.9,0.8,0.7,0.6,0.5,0.4,0.3,0.2,0.1,0,0.1,0.2,0.3,0.4,0.5,0.6],[7.5,7.4,7.3,7.2,7.1,7,6.9,6.8,6.7,6.6,6.5,6.4,6.3,6.2,6.1,6,5.9,5.8,5.7,5.6,5.5,5.4,5.3,5.2,5.1,5,4.9,4.8,4.7,4.6,4.5,4.4,4.3,4.2,4.1,4,3.9,3.8,3.7,3.6,3.5,3.4,3.3,3.2,3.1,3,2.9,2.8,2.7,2.6,2.5,2.4,2.3,2.2,2.1,2,1.9,1.8,1.7,1.6,1.5,1.4,1.3,1.2,1.1,1,0.9,0.8,0.7,0.6,0.5,0.4,0.3,0.2,0.1,0,0.1,0.2,0.3,0.4,0.5],[7.6,7.5,7.4,7.3,7.2,7.1,7,6.9,6.8,6.7,6.6,6.5,6.4,6.3,6.2,6.1,6,5.9,5.8,5.7,5.6,5.5,5.4,5.3,5.2,5.1,5,4.9,4.8,4.7,4.6,4.5,4.4,4.3,4.2,4.1,4,3.9,3.8,3.7,3.6,3.5,3.4,3.3,3.2,3.1,3,2.9,2.8,2.7,2.6,2.5,2.4,2.3,2.2,2.1,2,1.9,1.8,1.7,1.6,1.5,1.4,1.3,1.2,1.1,1,0.9,0.8,0.7,0.6,0.5,0.4,0.3,0.2,0.1,0,0.1,0.2,0.3,0.4],[7.7,7.6,7.5,7.4,7.3,7.2,7.1,7,6.9,6.8,6.7,6.6,6.5,6.4,6.3,6.2,6.1,6,5.9,5.8,5.7,5.6,5.5,5.4,5.3,5.2,5.1,5,4.9,4.8,4.7,4.6,4.5,4.4,4.3,4.2,4.1,4,3.9,3.8,3.7,3.6,3.5,3.4,3.3,3.2,3.1,3,2.9,2.8,2.7,2.6,2.5,2.4,2.3,2.2,2.1,2,1.9,1.8,1.7,1.6,1.5,1.4,1.3,1.2,1.1,1,0.9,0.8,0.7,0.6,0.5,0.4,0.3,0.2,0.1,0,0.1,0.2,0.3],[7.8,7.7,7.6,7.5,7.4,7.3,7.2,7.1,7,6.9,6.8,6.7,6.6,6.5,6.4,6.3,6.2,6.1,6,5.9,5.8,5.7,5.6,5.5,5.4,5.3,5.2,5.1,5,4.9,4.8,4.7,4.6,4.5,4.4,4.3,4.2,4.1,4,3.9,3.8,3.7,3.6,3.5,3.4,3.3,3.2,3.1,3,2.9,2.8,2.7,2.6,2.5,2.4,2.3,2.2,2.1,2,1.9,1.8,1.7,1.6,1.5,1.4,1.3,1.2,1.1,1,0.9,0.8,0.7,0.6,0.5,0.4,0.3,0.2,0.1,0,0.1,0.2],[7.9,7.8,7.7,7.6,7.5,7.4,7.3,7.2,7.1,7,6.9,6.8,6.7,6.6,6.5,6.4,6.3,6.2,6.1,6,5.9,5.8,5.7,5.6,5.5,5.4,5.3,5.2,5.1,5,4.9,4.8,4.7,4.6,4.5,4.4,4.3,4.2,4.1,4,3.9,3.8,3.7,3.6,3.5,3.4,3.3,3.2,3.1,3,2.9,2.8,2.7,2.6,2.5,2.4,2.3,2.2,2.1,2,1.9,1.8,1.7,1.6,1.5,1.4,1.3,1.2,1.1,1,0.9,0.8,0.7,0.6,0.5,0.4,0.3,0.2,0.1,0,0.1],[8,7.9,7.8,7.7,7.6,7.5,7.4,7.3,7.2,7.1,7,6.9,6.8,6.7,6.6,6.5,6.4,6.3,6.2,6.1,6,5.9,5.8,5.7,5.6,5.5,5.4,5.3,5.2,5.1,5,4.9,4.8,4.7,4.6,4.5,4.4,4.3,4.2,4.1,4,3.9,3.8,3.7,3.6,3.5,3.4,3.3,3.2,3.1,3,2.9,2.8,2.7,2.6,2.5,2.4,2.3,2.2,2.1,2,1.9,1.8,1.7,1.6,1.5,1.4,1.3,1.2,1.1,1,0.9,0.8,0.7,0.6,0.5,0.4,0.3,0.2,0.1,0]],"y":[[0,0.0019,0.0041,0.0064,0.009,0.0119,0.0151,0.0186,0.0224,0.0267,0.0315,0.0367,0.0425,0.0489,0.056,0.0638,0.0724,0.0819,0.0925,0.1041,0.117,0.1313,0.147,0.1644,0.1836,0.2048,0.2283,0.2542,0.2829,0.3146,0.3496,0.3883,0.431,0.4783,0.5305,0.5882,0.652,0.7225,0.8004,0.8865,0.9817,1.0869,1.2031,1.3315,1.4735,1.6304,1.8038,1.9954,2.2072,2.4413,2.7,2.9859,3.3018,3.651,4.0369,4.4634,4.9347,5.4556,6.0313,6.6676,7.3707,8.1479,9.0067,9.9559,11.0049,12.1642,13.4454,14.8614,16.4263,18.1558,20.0672,22.1796,24.5142,27.0943,29.9458,33.0971,36.5799,40.429,44.6829,49.3841,54.5798],[0.0019,0,0.0021,0.0045,0.0071,0.01,0.0131,0.0166,0.0205,0.0248,0.0295,0.0348,0.0406,0.047,0.054,0.0618,0.0705,0.08,0.0906,0.1022,0.1151,0.1293,0.1451,0.1624,0.1817,0.2029,0.2264,0.2523,0.281,0.3126,0.3476,0.3863,0.4291,0.4763,0.5286,0.5863,0.6501,0.7206,0.7985,0.8846,0.9798,1.0849,1.2012,1.3296,1.4716,1.6285,1.8019,1.9935,2.2053,2.4394,2.698,2.9839,3.2999,3.6491,4.035,4.4614,4.9328,5.4537,6.0294,6.6657,7.3688,8.1459,9.0048,9.9539,11.0029,12.1623,13.4435,14.8595,16.4244,18.1539,20.0653,22.1777,24.5123,27.0924,29.9439,33.0952,36.578,40.4271,44.6809,49.3822,54.5779],[0.0041,0.0021,0,0.0024,0.005,0.0078,0.011,0.0145,0.0184,0.0227,0.0274,0.0327,0.0384,0.0448,0.0519,0.0597,0.0683,0.0779,0.0884,0.1001,0.113,0.1272,0.1429,0.1603,0.1795,0.2008,0.2242,0.2502,0.2788,0.3105,0.3455,0.3842,0.427,0.4742,0.5264,0.5842,0.6479,0.7184,0.7964,0.8825,0.9776,1.0828,1.199,1.3275,1.4695,1.6264,1.7997,1.9914,2.2032,2.4372,2.6959,2.9818,3.2977,3.6469,4.0328,4.4593,4.9307,5.4516,6.0273,6.6635,7.3667,8.1438,9.0026,9.9518,11.0008,12.1601,13.4414,14.8574,16.4223,18.1518,20.0632,22.1756,24.5102,27.0903,29.9417,33.0931,36.5759,40.4249,44.6788,49.3801,54.5758],[0.0064,0.0045,0.0024,0,0.0026,0.0055,0.0086,0.0122,0.016,0.0203,0.0251,0.0303,0.0361,0.0425,0.0496,0.0574,0.066,0.0755,0.0861,0.0977,0.1106,0.1248,0.1406,0.158,0.1772,0.1984,0.2219,0.2478,0.2765,0.3081,0.3432,0.3818,0.4246,0.4719,0.5241,0.5818,0.6456,0.7161,0.794,0.8801,0.9753,1.0804,1.1967,1.3251,1.4671,1.624,1.7974,1.989,2.2008,2.4349,2.6936,2.9794,3.2954,3.6446,4.0305,4.457,4.9283,5.4492,6.0249,6.6612,7.3643,8.1414,9.0003,9.9495,10.9985,12.1578,13.439,14.855,16.4199,18.1494,20.0608,22.1732,24.5078,27.0879,29.9394,33.0907,36.5735,40.4226,44.6765,49.3777,54.5734],[0.009,0.0071,0.005,0.0026,0,0.0029,0.006,0.0096,0.0134,0.0177,0.0225,0.0277,0.0335,0.0399,0.0469,0.0548,0.0634,0.0729,0.0835,0.0951,0.108,0.1222,0.138,0.1554,0.1746,0.1958,0.2193,0.2452,0.2739,0.3055,0.3406,0.3792,0.422,0.4693,0.5215,0.5792,0.643,0.7135,0.7914,0.8775,0.9727,1.0778,1.1941,1.3225,1.4645,1.6214,1.7948,1.9864,2.1982,2.4323,2.691,2.9768,3.2928,3.642,4.0279,4.4544,4.9257,5.4466,6.0223,6.6586,7.3617,8.1388,8.9977,9.9469,10.9959,12.1552,13.4364,14.8524,16.4173,18.1468,20.0582,22.1706,24.5052,27.0853,29.9368,33.0881,36.5709,40.42,44.6739,49.3751,54.5708],[0.0119,0.01,0.0078,0.0055,0.0029,0,0.0032,0.0067,0.0106,0.0149,0.0196,0.0248,0.0306,0.037,0.0441,0.0519,0.0605,0.0701,0.0806,0.0923,0.1051,0.1194,0.1351,0.1525,0.1717,0.1929,0.2164,0.2423,0.271,0.3027,0.3377,0.3764,0.4191,0.4664,0.5186,0.5763,0.6401,0.7106,0.7885,0.8746,0.9698,1.075,1.1912,1.3197,1.4616,1.6185,1.7919,1.9836,2.1953,2.4294,2.6881,2.974,3.2899,3.6391,4.025,4.4515,4.9228,5.4438,6.0195,6.6557,7.3589,8.136,8.9948,9.944,10.993,12.1523,13.4335,14.8495,16.4144,18.1439,20.0553,22.1678,24.5023,27.0824,29.9339,33.0853,36.568,40.4171,44.671,49.3723,54.568],[0.0151,0.0131,0.011,0.0086,0.006,0.0032,0,0.0035,0.0074,0.0117,0.0164,0.0216,0.0274,0.0338,0.0409,0.0487,0.0573,0.0669,0.0774,0.0891,0.102,0.1162,0.1319,0.1493,0.1685,0.1898,0.2132,0.2392,0.2678,0.2995,0.3345,0.3732,0.416,0.4632,0.5154,0.5732,0.6369,0.7074,0.7854,0.8715,0.9666,1.0718,1.188,1.3165,1.4585,1.6153,1.7887,1.9804,2.1922,2.4262,2.6849,2.9708,3.2867,3.6359,4.0218,4.4483,4.9197,5.4406,6.0163,6.6525,7.3557,8.1328,8.9916,9.9408,10.9898,12.1491,13.4304,14.8464,16.4113,18.1408,20.0522,22.1646,24.4992,27.0793,29.9307,33.0821,36.5649,40.4139,44.6678,49.3691,54.5648],[0.0186,0.0166,0.0145,0.0122,0.0096,0.0067,0.0035,0,0.0039,0.0082,0.0129,0.0181,0.0239,0.0303,0.0374,0.0452,0.0538,0.0634,0.0739,0.0856,0.0985,0.1127,0.1284,0.1458,0.165,0.1862,0.2097,0.2356,0.2643,0.296,0.331,0.3697,0.4124,0.4597,0.5119,0.5696,0.6334,0.7039,0.7818,0.868,0.9631,1.0683,1.1845,1.313,1.4549,1.6118,1.7852,1.9769,2.1887,2.4227,2.6814,2.9673,3.2832,3.6324,4.0183,4.4448,4.9161,5.4371,6.0128,6.649,7.3522,8.1293,8.9881,9.9373,10.9863,12.1456,13.4269,14.8428,16.4078,18.1373,20.0487,22.1611,24.4956,27.0758,29.9272,33.0786,36.5614,40.4104,44.6643,49.3656,54.5613],[0.0224,0.0205,0.0184,0.016,0.0134,0.0106,0.0074,0.0039,0,0.0043,0.009,0.0143,0.02,0.0264,0.0335,0.0413,0.05,0.0595,0.07,0.0817,0.0946,0.1088,0.1245,0.1419,0.1611,0.1824,0.2058,0.2318,0.2604,0.2921,0.3271,0.3658,0.4086,0.4558,0.508,0.5658,0.6296,0.7001,0.778,0.8641,0.9592,1.0644,1.1806,1.3091,1.4511,1.608,1.7814,1.973,2.1848,2.4188,2.6775,2.9634,3.2794,3.6285,4.0144,4.4409,4.9123,5.4332,6.0089,6.6451,7.3483,8.1254,8.9843,9.9334,10.9824,12.1417,13.423,14.839,16.4039,18.1334,20.0448,22.1572,24.4918,27.0719,29.9233,33.0747,36.5575,40.4065,44.6604,49.3617,54.5574],[0.0267,0.0248,0.0227,0.0203,0.0177,0.0149,0.0117,0.0082,0.0043,0,0.0047,0.01,0.0158,0.0222,0.0292,0.037,0.0457,0.0552,0.0658,0.0774,0.0903,0.1045,0.1202,0.1376,0.1568,0.1781,0.2015,0.2275,0.2561,0.2878,0.3228,0.3615,0.4043,0.4515,0.5038,0.5615,0.6253,0.6958,0.7737,0.8598,0.955,1.0601,1.1764,1.3048,1.4468,1.6037,1.7771,1.9687,2.1805,2.4146,2.6732,2.9591,3.2751,3.6242,4.0102,4.4366,4.908,5.4289,6.0046,6.6408,7.344,8.1211,8.98,9.9291,10.9781,12.1374,13.4187,14.8347,16.3996,18.1291,20.0405,22.1529,24.4875,27.0676,29.9191,33.0704,36.5532,40.4023,44.6561,49.3574,54.5531],[0.0315,0.0295,0.0274,0.0251,0.0225,0.0196,0.0164,0.0129,0.009,0.0047,0,0.0052,0.011,0.0174,0.0245,0.0323,0.0409,0.0505,0.061,0.0727,0.0855,0.0998,0.1155,0.1329,0.1521,0.1733,0.1968,0.2227,0.2514,0.2831,0.3181,0.3568,0.3995,0.4468,0.499,0.5567,0.6205,0.691,0.7689,0.8551,0.9502,1.0554,1.1716,1.3001,1.442,1.5989,1.7723,1.964,2.1758,2.4098,2.6685,2.9544,3.2703,3.6195,4.0054,4.4319,4.9032,5.4242,5.9999,6.6361,7.3393,8.1164,8.9752,9.9244,10.9734,12.1327,13.414,14.8299,16.3949,18.1244,20.0357,22.1482,24.4827,27.0629,29.9143,33.0657,36.5484,40.3975,44.6514,49.3527,54.5484],[0.0367,0.0348,0.0327,0.0303,0.0277,0.0248,0.0216,0.0181,0.0143,0.01,0.0052,0,0.0058,0.0122,0.0193,0.0271,0.0357,0.0452,0.0558,0.0674,0.0803,0.0945,0.1103,0.1277,0.1469,0.1681,0.1916,0.2175,0.2462,0.2778,0.3129,0.3515,0.3943,0.4416,0.4938,0.5515,0.6153,0.6858,0.7637,0.8498,0.945,1.0501,1.1664,1.2948,1.4368,1.5937,1.7671,1.9587,2.1705,2.4046,2.6633,2.9491,3.2651,3.6143,4.0002,4.4267,4.898,5.4189,5.9946,6.6309,7.334,8.1111,8.97,9.9192,10.9682,12.1275,13.4087,14.8247,16.3896,18.1191,20.0305,22.1429,24.4775,27.0576,29.9091,33.0604,36.5432,40.3923,44.6462,49.3474,54.5431],[0.0425,0.0406,0.0384,0.0361,0.0335,0.0306,0.0274,0.0239,0.02,0.0158,0.011,0.0058,0,0.0064,0.0135,0.0213,0.0299,0.0394,0.05,0.0616,0.0745,0.0888,0.1045,0.1219,0.1411,0.1623,0.1858,0.2117,0.2404,0.2721,0.3071,0.3458,0.3885,0.4358,0.488,0.5457,0.6095,0.68,0.7579,0.844,0.9392,1.0444,1.1606,1.289,1.431,1.5879,1.7613,1.9529,2.1647,2.3988,2.6575,2.9434,3.2593,3.6085,3.9944,4.4209,4.8922,5.4131,5.9888,6.6251,7.3282,8.1054,8.9642,9.9134,10.9624,12.1217,13.4029,14.8189,16.3838,18.1133,20.0247,22.1371,24.4717,27.0518,29.9033,33.0546,36.5374,40.3865,44.6404,49.3416,54.5373],[0.0489,0.047,0.0448,0.0425,0.0399,0.037,0.0338,0.0303,0.0264,0.0222,0.0174,0.0122,0.0064,0,0.0071,0.0149,0.0235,0.0331,0.0436,0.0553,0.0681,0.0824,0.0981,0.1155,0.1347,0.1559,0.1794,0.2053,0.234,0.2657,0.3007,0.3394,0.3821,0.4294,0.4816,0.5393,0.6031,0.6736,0.7515,0.8376,0.9328,1.038,1.1542,1.2827,1.4246,1.5815,1.7549,1.9465,2.1583,2.3924,2.6511,2.937,3.2529,3.6021,3.988,4.4145,4.8858,5.4067,5.9824,6.6187,7.3219,8.099,8.9578,9.907,10.956,12.1153,13.3965,14.8125,16.3774,18.1069,20.0183,22.1307,24.4653,27.0454,29.8969,33.0482,36.531,40.3801,44.634,49.3352,54.5309],[0.056,0.054,0.0519,0.0496,0.0469,0.0441,0.0409,0.0374,0.0335,0.0292,0.0245,0.0193,0.0135,0.0071,0,0.0078,0.0164,0.026,0.0365,0.0482,0.0611,0.0753,0.091,0.1084,0.1276,0.1489,0.1723,0.1983,0.2269,0.2586,0.2936,0.3323,0.3751,0.4223,0.4745,0.5323,0.596,0.6665,0.7445,0.8306,0.9257,1.0309,1.1471,1.2756,1.4176,1.5744,1.7478,1.9395,2.1513,2.3853,2.644,2.9299,3.2458,3.595,3.9809,4.4074,4.8788,5.3997,5.9754,6.6116,7.3148,8.0919,8.9507,9.8999,10.9489,12.1082,13.3895,14.8055,16.3704,18.0999,20.0113,22.1237,24.4583,27.0384,29.8898,33.0412,36.524,40.373,44.6269,49.3282,54.5239],[0.0638,0.0618,0.0597,0.0574,0.0548,0.0519,0.0487,0.0452,0.0413,0.037,0.0323,0.0271,0.0213,0.0149,0.0078,0,0.0086,0.0182,0.0287,0.0404,0.0533,0.0675,0.0832,0.1006,0.1198,0.141,0.1645,0.1904,0.2191,0.2508,0.2858,0.3245,0.3672,0.4145,0.4667,0.5244,0.5882,0.6587,0.7366,0.8228,0.9179,1.0231,1.1393,1.2678,1.4097,1.5666,1.74,1.9317,2.1435,2.3775,2.6362,2.9221,3.238,3.5872,3.9731,4.3996,4.8709,5.3919,5.9676,6.6038,7.307,8.0841,8.9429,9.8921,10.9411,12.1004,13.3817,14.7976,16.3626,18.0921,20.0035,22.1159,24.4504,27.0306,29.882,33.0334,36.5161,40.3652,44.6191,49.3204,54.5161],[0.0724,0.0705,0.0683,0.066,0.0634,0.0605,0.0573,0.0538,0.05,0.0457,0.0409,0.0357,0.0299,0.0235,0.0164,0.0086,0,0.0095,0.0201,0.0317,0.0446,0.0589,0.0746,0.092,0.1112,0.1324,0.1559,0.1818,0.2105,0.2422,0.2772,0.3159,0.3586,0.4059,0.4581,0.5158,0.5796,0.6501,0.728,0.8141,0.9093,1.0145,1.1307,1.2591,1.4011,1.558,1.7314,1.923,2.1348,2.3689,2.6276,2.9134,3.2294,3.5786,3.9645,4.391,4.8623,5.3832,5.9589,6.5952,7.2983,8.0755,8.9343,9.8835,10.9325,12.0918,13.373,14.789,16.3539,18.0834,19.9948,22.1072,24.4418,27.0219,29.8734,33.0247,36.5075,40.3566,44.6105,49.3117,54.5074],[0.0819,0.08,0.0779,0.0755,0.0729,0.0701,0.0669,0.0634,0.0595,0.0552,0.0505,0.0452,0.0394,0.0331,0.026,0.0182,0.0095,0,0.0105,0.0222,0.0351,0.0493,0.065,0.0824,0.1016,0.1229,0.1463,0.1723,0.2009,0.2326,0.2676,0.3063,0.3491,0.3963,0.4486,0.5063,0.5701,0.6406,0.7185,0.8046,0.8997,1.0049,1.1211,1.2496,1.3916,1.5485,1.7219,1.9135,2.1253,2.3593,2.618,2.9039,3.2199,3.569,3.9549,4.3814,4.8528,5.3737,5.9494,6.5856,7.2888,8.0659,8.9248,9.8739,10.9229,12.0822,13.3635,14.7795,16.3444,18.0739,19.9853,22.0977,24.4323,27.0124,29.8638,33.0152,36.498,40.347,44.6009,49.3022,54.4979],[0.0925,0.0906,0.0884,0.0861,0.0835,0.0806,0.0774,0.0739,0.07,0.0658,0.061,0.0558,0.05,0.0436,0.0365,0.0287,0.0201,0.0105,0,0.0117,0.0245,0.0388,0.0545,0.0719,0.0911,0.1123,0.1358,0.1617,0.1904,0.2221,0.2571,0.2958,0.3385,0.3858,0.438,0.4957,0.5595,0.63,0.7079,0.794,0.8892,0.9944,1.1106,1.2391,1.381,1.5379,1.7113,1.9029,2.1147,2.3488,2.6075,2.8934,3.2093,3.5585,3.9444,4.3709,4.8422,5.3631,5.9388,6.5751,7.2783,8.0554,8.9142,9.8634,10.9124,12.0717,13.3529,14.7689,16.3338,18.0633,19.9747,22.0871,24.4217,27.0018,29.8533,33.0046,36.4874,40.3365,44.5904,49.2916,54.4873],[0.1041,0.1022,0.1001,0.0977,0.0951,0.0923,0.0891,0.0856,0.0817,0.0774,0.0727,0.0674,0.0616,0.0553,0.0482,0.0404,0.0317,0.0222,0.0117,0,0.0129,0.0271,0.0428,0.0602,0.0794,0.1007,0.1241,0.1501,0.1787,0.2104,0.2454,0.2841,0.3269,0.3741,0.4264,0.4841,0.5479,0.6184,0.6963,0.7824,0.8775,0.9827,1.0989,1.2274,1.3694,1.5263,1.6997,1.8913,2.1031,2.3371,2.5958,2.8817,3.1977,3.5468,3.9327,4.3592,4.8306,5.3515,5.9272,6.5634,7.2666,8.0437,8.9026,9.8517,10.9007,12.06,13.3413,14.7573,16.3222,18.0517,19.9631,22.0755,24.4101,26.9902,29.8416,32.993,36.4758,40.3248,44.5787,49.28,54.4757],[0.117,0.1151,0.113,0.1106,0.108,0.1051,0.102,0.0985,0.0946,0.0903,0.0855,0.0803,0.0745,0.0681,0.0611,0.0533,0.0446,0.0351,0.0245,0.0129,0,0.0142,0.03,0.0473,0.0666,0.0878,0.1113,0.1372,0.1659,0.1975,0.2325,0.2712,0.314,0.3613,0.4135,0.4712,0.535,0.6055,0.6834,0.7695,0.8647,0.9698,1.0861,1.2145,1.3565,1.5134,1.6868,1.8784,2.0902,2.3243,2.5829,2.8688,3.1848,3.534,3.9199,4.3464,4.8177,5.3386,5.9143,6.5506,7.2537,8.0308,8.8897,9.8388,10.8878,12.0472,13.3284,14.7444,16.3093,18.0388,19.9502,22.0626,24.3972,26.9773,29.8288,32.9801,36.4629,40.312,44.5658,49.2671,54.4628],[0.1313,0.1293,0.1272,0.1248,0.1222,0.1194,0.1162,0.1127,0.1088,0.1045,0.0998,0.0945,0.0888,0.0824,0.0753,0.0675,0.0589,0.0493,0.0388,0.0271,0.0142,0,0.0157,0.0331,0.0523,0.0736,0.097,0.123,0.1516,0.1833,0.2183,0.257,0.2998,0.347,0.3992,0.457,0.5208,0.5912,0.6692,0.7553,0.8504,0.9556,1.0718,1.2003,1.3423,1.4992,1.6726,1.8642,2.076,2.31,2.5687,2.8546,3.1705,3.5197,3.9056,4.3321,4.8035,5.3244,5.9001,6.5363,7.2395,8.0166,8.8754,9.8246,10.8736,12.0329,13.3142,14.7302,16.2951,18.0246,19.936,22.0484,24.383,26.9631,29.8145,32.9659,36.4487,40.2977,44.5516,49.2529,54.4486],[0.147,0.1451,0.1429,0.1406,0.138,0.1351,0.1319,0.1284,0.1245,0.1202,0.1155,0.1103,0.1045,0.0981,0.091,0.0832,0.0746,0.065,0.0545,0.0428,0.03,0.0157,0,0.0174,0.0366,0.0578,0.0813,0.1072,0.1359,0.1676,0.2026,0.2413,0.284,0.3313,0.3835,0.4412,0.505,0.5755,0.6534,0.7395,0.8347,0.9399,1.0561,1.1846,1.3265,1.4834,1.6568,1.8485,2.0602,2.2943,2.553,2.8389,3.1548,3.504,3.8899,4.3164,4.7877,5.3086,5.8843,6.5206,7.2238,8.0009,8.8597,9.8089,10.8579,12.0172,13.2984,14.7144,16.2793,18.0088,19.9202,22.0327,24.3672,26.9473,29.7988,32.9502,36.4329,40.282,44.5359,49.2372,54.4329],[0.1644,0.1624,0.1603,0.158,0.1554,0.1525,0.1493,0.1458,0.1419,0.1376,0.1329,0.1277,0.1219,0.1155,0.1084,0.1006,0.092,0.0824,0.0719,0.0602,0.0473,0.0331,0.0174,0,0.0192,0.0404,0.0639,0.0898,0.1185,0.1502,0.1852,0.2239,0.2666,0.3139,0.3661,0.4238,0.4876,0.5581,0.636,0.7222,0.8173,0.9225,1.0387,1.1672,1.3091,1.466,1.6394,1.8311,2.0429,2.2769,2.5356,2.8215,3.1374,3.4866,3.8725,4.299,4.7703,5.2913,5.867,6.5032,7.2064,7.9835,8.8423,9.7915,10.8405,11.9998,13.2811,14.697,16.262,17.9915,19.9029,22.0153,24.3498,26.93,29.7814,32.9328,36.4156,40.2646,44.5185,49.2198,54.4155],[0.1836,0.1817,0.1795,0.1772,0.1746,0.1717,0.1685,0.165,0.1611,0.1568,0.1521,0.1469,0.1411,0.1347,0.1276,0.1198,0.1112,0.1016,0.0911,0.0794,0.0666,0.0523,0.0366,0.0192,0,0.0212,0.0447,0.0706,0.0993,0.131,0.166,0.2047,0.2474,0.2947,0.3469,0.4046,0.4684,0.5389,0.6168,0.7029,0.7981,0.9033,1.0195,1.148,1.2899,1.4468,1.6202,1.8119,2.0236,2.2577,2.5164,2.8023,3.1182,3.4674,3.8533,4.2798,4.7511,5.2721,5.8478,6.484,7.1872,7.9643,8.8231,9.7723,10.8213,11.9806,13.2618,14.6778,16.2428,17.9722,19.8836,21.9961,24.3306,26.9107,29.7622,32.9136,36.3963,40.2454,44.4993,49.2006,54.3963],[0.2048,0.2029,0.2008,0.1984,0.1958,0.1929,0.1898,0.1862,0.1824,0.1781,0.1733,0.1681,0.1623,0.1559,0.1489,0.141,0.1324,0.1229,0.1123,0.1007,0.0878,0.0736,0.0578,0.0404,0.0212,0,0.0235,0.0494,0.0781,0.1097,0.1447,0.1834,0.2262,0.2735,0.3257,0.3834,0.4472,0.5177,0.5956,0.6817,0.7769,0.882,0.9983,1.1267,1.2687,1.4256,1.599,1.7906,2.0024,2.2365,2.4952,2.781,3.097,3.4462,3.8321,4.2586,4.7299,5.2508,5.8265,6.4628,7.1659,7.943,8.8019,9.7511,10.8,11.9594,13.2406,14.6566,16.2215,17.951,19.8624,21.9748,24.3094,26.8895,29.741,32.8923,36.3751,40.2242,44.4781,49.1793,54.375],[0.2283,0.2264,0.2242