{"D":{"iris":[[0,4.1725,3.7749,0.9327,3.8223,3.9268,1.2247,3.8301,2.5652,1.2767,1.6062,4.0853,2.0809,0.4796,0.9849,1.249,3.5454,0.4359,0.7416,1.9875,3.5958,1.7088,0.8426,1.1874,0.8185,0.8602,4.3955,3.6551,0.1414,0.6164,0.9695,1.4491,3.9862,3.5482,3.8626,0.8124,3.9217,1.179,3.7987,3.9154,1.0954,0.5568,1.1045,0.9487,0.3162,3.5623,0.6481,4.0025,0.9644,0.5831,3.5693,3.9,0.8124,0.6245,3.4928,1.3638,0.4796,1.3077,0.7141,1.2166,0.7348,1.9235,0.8775,1.3038,1.1269,1.3191,2.6173,4.0669,1.5748,3.438,0.2828,0.6782,0.8602,1.5684,0.6481,3.8118,4.1521,3.7815,3.8962,0.7348],[4.1725,0,0.5099,3.3015,0.6633,0.3,5.3507,0.5477,6.5917,3.2435,2.7441,0.3162,2.6981,4.4204,4.8146,3.6373,0.7483,4.4023,3.6797,6.005,0.8367,5.7,3.3764,5.3572,3.7815,4.9649,0.5385,0.728,4.2953,3.9912,3.3985,2.985,0.469,1.49,0.8307,4.9204,1.2369,3.1937,1.0488,0.5477,3.2573,4.4609,5.201,4.995,4.392,1.0954,4.3715,0.6557,3.49,3.662,1.3,0.6164,4.1267,4.5475,0.866,2.8337,4.4204,3.0822,4.8104,5.317,3.6014,5.9237,4.352,3.015,5.1653,5.347,6.4699,0.3,5.4854,1.118,4.2673,3.5199,4.9749,2.8723,4.1413,0.4243,0.911,1.1358,0.7681,4.6119],[3.7749,0.5099,0,2.8914,0.3742,0.2236,4.9447,0.1414,6.1441,2.846,2.3043,0.4899,2.3452,4.0373,4.4023,3.3211,0.4243,3.9825,3.2404,5.5624,0.6,5.2621,2.9698,4.9538,3.3317,4.5464,0.8062,0.4123,3.8923,3.5595,2.958,2.5749,0.2449,1.1489,0.5385,4.5089,1.063,2.7964,0.7874,0.2449,2.8302,4.0348,4.7781,4.5815,4.0037,0.6782,3.9962,0.5568,3.0952,3.2787,1.0247,0.3464,3.6729,4.1304,0.4796,2.4269,4.0373,2.6646,4.3932,4.9061,3.2357,5.4763,3.937,2.6552,4.7392,4.9163,6.0316,0.3317,5.0369,0.8426,3.8536,3.1097,4.5662,2.4556,3.6973,0.1414,0.911,0.8544,0.5385,4.1749],[0.9327,3.3015,2.8914,0,2.9698,3.0447,2.1331,2.9496,3.3541,0.5477,0.7,3.1937,1.257,1.1747,1.5684,1.0247,2.687,1.1225,0.5477,2.7677,2.7785,2.504,0.1414,2.0928,0.7348,1.7,3.5595,2.8125,1.044,0.922,0.4123,0.5745,3.0952,2.7857,3.0183,1.6703,3.1544,0.3742,2.99,3.0299,0.2646,1.1832,1.9621,1.8028,1.1533,2.724,1.179,3.1639,0.4243,0.5,2.8054,3.0397,1.0344,1.2728,2.6476,0.5196,1.1747,0.4243,1.5166,2.1095,0.5745,2.6926,1.1402,0.5568,1.9647,2.0567,3.4088,3.1953,2.2956,2.6476,0.995,0.3606,1.6941,0.6708,0.9644,2.936,3.245,2.9783,3.0578,1.4177],[3.8223,0.6633,0.3742,2.9698,0,0.5,4.9629,0.3162,6.1587,2.9866,2.4021,0.7874,2.569,4.1207,4.4833,3.4742,0.4472,4.0373,3.2772,5.5803,0.4243,5.2621,3.0397,4.99,3.3556,4.5793,0.6708,0.2236,3.9357,3.5623,3.005,2.7111,0.469,0.8367,0.2236,4.5398,0.7,2.9189,0.4243,0.4243,2.9206,4.0866,4.7969,4.5989,4.0608,0.4472,4.0976,0.2646,3.2094,3.3481,0.7,0.1414,3.6919,4.2,0.3873,2.496,4.1207,2.7821,4.4475,4.9143,3.3181,5.4927,4.0472,2.7803,4.7455,4.9749,5.985,0.4123,5.0448,0.6083,3.9051,3.1544,4.6163,2.5942,3.7296,0.3742,1.2288,0.5,0.1732,4.1893],[3.9268,0.3,0.2236,3.0447,0.5,0,5.1049,0.3,6.323,2.985,2.4698,0.3,2.4515,4.1773,4.5552,3.4205,0.5385,4.1437,3.4132,5.7385,0.7,5.4387,3.1225,5.1098,3.5114,4.7096,0.7071,0.5477,4.0472,3.7336,3.1305,2.7203,0.2646,1.3229,0.6782,4.669,1.1662,2.9377,0.922,0.3317,2.99,4.1988,4.9457,4.7455,4.1497,0.8775,4.1304,0.6,3.2357,3.4205,1.1662,0.4583,3.8549,4.2884,0.6481,2.5807,4.1773,2.816,4.553,5.0695,3.3675,5.6551,4.0878,2.7785,4.9102,5.0813,6.2153,0.2449,5.2173,0.9695,4.0125,3.268,4.7223,2.6038,3.873,0.1732,0.8367,1,0.6481,4.3497],[1.2247,5.3507,4.9447,2.1331,4.9629,5.1049,0,4.989,1.5684,2.4187,2.7604,5.2735,3.2357,1.2124,1.2689,2.3022,4.7149,1.0817,1.7861,1.118,4.7212,0.8832,2.0518,0.3606,1.7407,0.6481,5.5371,4.7937,1.1045,1.456,2.0543,2.6192,5.1527,4.5946,4.982,0.6782,4.982,2.3601,4.8959,5.0725,2.2494,1.1446,0.3464,0.4243,1.1225,4.6723,1.3711,5.14,2.1378,1.8,4.6411,5.0408,1.5033,1.063,4.6282,2.5417,1.2124,2.4799,0.7681,0.3742,1.9287,1.0392,1.5716,2.51,0.4123,0.8718,1.6523,5.2288,0.9695,4.5541,1.1576,1.8493,0.7483,2.7386,1.3928,4.985,5.3273,4.8683,5.02,0.9274],[3.8301,0.5477,0.1414,2.9496,0.3162,0.3,4.989,0,6.1814,2.9086,2.3516,0.5477,2.4207,4.1012,4.4654,3.4073,0.5099,4.0299,3.2833,5.6036,0.5831,5.3019,3.0299,5.006,3.3675,4.5967,0.7681,0.3873,3.9459,3.5986,2.9983,2.6363,0.2,1.0863,0.4359,4.5618,0.9849,2.8601,0.7211,0.1414,2.8827,4.0866,4.8198,4.6206,4.0657,0.6164,4.0608,0.5196,3.1654,3.3451,0.9849,0.2449,3.7081,4.1785,0.4583,2.4799,4.1012,2.724,4.443,4.9528,3.3091,5.5127,3.995,2.7295,4.777,4.9649,6.0614,0.3,5.0744,0.8544,3.9026,3.1607,4.6228,2.5159,3.735,0.2449,0.922,0.781,0.4583,4.2131],[2.5652,6.5917,6.1441,3.3541,6.1587,6.323,1.5684,6.1814,0,3.5875,3.909,6.4985,4.3784,2.488,2.0421,3.5861,5.9203,2.2913,2.9172,0.6083,5.9791,0.9695,3.2787,1.5264,2.8196,1.7205,6.7809,6.0183,2.4249,2.6344,3.2156,3.7709,6.3364,5.735,6.1595,1.8055,6.1822,3.5651,6.0704,6.2618,3.4029,2.184,1.5166,1.8385,2.4249,5.8215,2.642,6.3388,3.2879,3.0887,5.8361,6.2346,2.4739,2.2249,5.8532,3.8105,2.488,3.6263,1.9157,1.5033,3.228,0.6782,2.5278,3.8026,1.5588,1.3928,1.063,6.4467,1.1225,5.7758,2.429,3.1273,1.7944,3.873,2.4698,6.1976,6.5223,6.0316,6.2113,2.005],[1.2767,3.2435,2.846,0.5477,2.9866,2.985,2.4187,2.9086,3.5875,0,0.6856,3.0887,0.8246,1.3491,1.7378,0.9,2.7055,1.3638,0.9695,3.0232,2.8178,2.8196,0.6633,2.3537,1.1225,1.9975,3.5651,2.8337,1.382,1.382,0.781,0.3,3.0299,2.9292,3.0447,1.9875,3.2665,0.2,3.0757,2.9698,0.4359,1.4629,2.2517,2.0905,1.4526,2.7785,1.253,3.2016,0.5099,0.8888,2.9445,3.0364,1.3892,1.4283,2.6627,0.728,1.3491,0.3162,1.7378,2.4434,0.8888,2.9377,1.1402,0.5196,2.2804,2.2293,3.7762,3.1544,2.5904,2.7622,1.2767,0.8544,1.9519,0.4359,1.2845,2.9017,3.048,3.0708,3.0935,1.7578],[1.6062,2.7441,2.3043,0.7,2.4021,2.4698,2.7604,2.3516,3.909,0.6856,0,2.6134,0.922,1.8412,2.1749,1.4629,2.1564,1.7234,1.0344,3.3362,2.2517,3.0822,0.8185,2.7441,1.1446,2.3324,3.0166,2.2583,1.7088,1.4491,0.7348,0.4243,2.488,2.2738,2.4372,2.3195,2.642,0.6245,2.4515,2.4187,0.5477,1.7916,2.5652,2.3958,1.8439,2.1471,1.8055,2.6192,0.9434,1.1916,2.3195,2.4556,1.4832,1.852,2.0833,0.4472,1.8412,0.4359,2.1331,2.7459,1.2247,3.2404,1.6583,0.7616,2.5515,2.6344,3.9611,2.6153,2.839,2.1726,1.6186,0.9695,2.3452,0.3464,1.4629,2.3685,2.6192,2.4372,2.494,1.9748],[4.0853,0.3162,0.4899,3.1937,0.7874,0.3,5.2735,0.5477,6.4985,3.0887,2.6134,0,2.494,4.3105,4.6968,3.5029,0.8124,4.2965,3.5861,5.9144,0.9592,5.6258,3.2772,5.2707,3.6905,4.8775,0.8307,0.8307,4.2083,3.923,3.297,2.8337,0.4243,1.6125,0.9434,4.8384,1.4318,3.0561,1.2083,0.5099,3.1321,4.3589,5.1176,4.9143,4.3023,1.1576,4.2485,0.866,3.3615,3.5707,1.4595,0.7211,4.0361,4.4294,0.911,2.7368,4.3105,2.9428,4.7053,5.2488,3.5086,5.8301,4.2071,2.8931,5.0892,5.2316,6.4265,0.4359,5.4009,1.261,4.1677,3.4337,4.8795,2.7185,4.0435,0.469,0.6245,1.2845,0.922,4.5288],[2.0809,2.6981,2.3452,1.257,2.569,2.4515,3.2357,2.4207,4.3784,0.8246,0.922,2.494,0,2.1213,2.4779,1.3229,2.2804,2.1863,1.7263,3.8184,2.4536,3.629,1.3711,3.1591,1.8708,2.8089,3.1,2.4352,2.1932,2.1564,1.4799,0.7141,2.502,2.7313,2.6552,2.7946,2.995,0.9165,2.7604,2.4617,1.1358,2.2672,3.0741,2.9103,2.2383,2.4495,1.9975,2.7911,1.2083,1.6155,2.7148,2.5962,2.161,2.2361,2.2782,1.1269,2.1213,0.8832,2.5495,3.2604,1.5524,3.7376,1.8815,0.922,3.1048,3.0116,4.5891,2.6476,3.3897,2.4839,2.1,1.5969,2.7477,0.6708,2.0857,2.4042,2.3812,2.7731,2.7037,2.5749],[0.4796,4.4204,4.0373,1.1747,4.1207,4.1773,1.2124,4.1012,2.488,1.3491,1.8412,4.3105,2.1213,0,0.7746,1.118,3.8236,0.5477,1.0954,1.9339,3.9013,1.7407,1.1045,1.077,1.1832,0.866,4.6851,3.9535,0.4796,1.063,1.2923,1.5843,4.245,3.9166,4.1749,0.8307,4.2767,1.3038,4.1352,4.1809,1.3077,0.6481,1.1358,1.0344,0.3317,3.8859,0.2646,4.307,1.0392,0.8062,3.9256,4.1929,1.1358,0.5477,3.7908,1.6401,0,1.4697,0.6325,1.253,0.8775,1.8894,0.6782,1.4318,1.2247,1.1619,2.7055,4.3347,1.6217,3.767,0.5196,1.0344,0.7416,1.7176,0.9539,4.0743,4.3417,4.1243,4.2083,0.9747],[0.9849,4.8146,4.4023,1.5684,4.4833,4.5552,1.2689,4.4654,2.0421,1.7378,2.1749,4.6968,2.4779,0.7746,0,1.6583,4.1785,0.8367,1.3416,1.4765,4.3197,1.3748,1.49,1,1.3711,0.7,5.0843,4.3417,0.9,1.2923,1.6155,1.9313,4.6022,4.245,4.531,0.7141,4.6551,1.7146,4.4833,4.5475,1.6401,0.5831,1.0724,1.2207,0.781,4.2166,0.9434,4.6658,1.3565,1.2767,4.2884,4.5585,1.1619,0.8124,4.1845,2.0857,0.7746,1.8,0.6633,1.1619,1.3675,1.4933,0.7348,1.9261,1.1916,0.755,2.3833,4.717,1.2042,4.1388,0.922,1.4731,0.5385,2.0421,1.1,4.4452,4.7276,4.4665,4.5706,0.9849],[1.249,3.6373,3.3211,1.0247,3.4742,3.4205,2.3022,3.4073,3.5861,0.9,1.4629,3.5029,1.3229,1.118,1.6583,0,3.1353,1.4731,1.4318,3.0282,3.2604,2.8355,1.0247,2.1794,1.6155,1.9545,3.9749,3.3045,1.3638,1.6673,1.3928,1.1045,3.5256,3.4828,3.5721,1.9026,3.7603,0.8775,3.5847,3.4799,1.1489,1.5652,2.2405,2.0833,1.2728,3.3392,0.9899,3.6579,0.7937,0.8832,3.4264,3.5369,1.7944,1.5,3.1559,1.2728,1.118,1.1,1.7234,2.3409,0.7348,2.99,1.261,0.7616,2.3087,2.2226,3.7934,3.6083,2.6907,3.1906,1.3711,1.1747,1.8276,1.2247,1.6432,3.3451,3.5214,3.5972,3.5917,1.9339],[3.5454,0.7483,0.4243,2.687,0.4472,0.5385,4.7149,0.5099,5.9203,2.7055,2.1564,0.8124,2.2804,3.8236,4.1785,3.1353,0,3.7815,3.0299,5.331,0.5477,5.017,2.7495,4.7181,3.1273,4.3093,0.9434,0.4123,3.662,3.3242,2.7695,2.431,0.6481,1.01,0.6403,4.2626,1.005,2.6306,0.7071,0.6481,2.6552,3.8131,4.553,4.3669,3.7643,0.6325,3.8039,0.5568,2.8948,3.0414,0.8307,0.5477,3.4627,3.9446,0.4796,2.2338,3.8236,2.502,4.1833,4.6551,2.995,5.2583,3.7656,2.4678,4.5122,4.7106,5.7671,0.6403,4.8052,0.5385,3.6455,2.8896,4.3301,2.3173,3.4971,0.3742,1.2923,0.781,0.5916,3.9535],[0.4359,4.4023,3.9825,1.1225,4.0373,4.1437,1.0817,4.0299,2.2913,1.3638,1.7234,4.2965,2.1863,0.5477,0.8367,1.4731,3.7815,0,0.8124,1.7321,3.8288,1.5067,1.0677,1.0488,0.8124,0.7,4.6336,3.8769,0.3606,0.7141,1.0536,1.5588,4.1809,3.7497,4.0632,0.728,4.1437,1.3191,4.015,4.1061,1.1958,0.3742,0.8888,0.7681,0.5385,3.755,0.6708,4.232,1.1225,0.911,3.8013,4.1061,0.6856,0.2449,3.7054,1.5716,0.5477,1.4213,0.4243,1.118,1.0724,1.634,0.6633,1.5395,0.9274,1.005,2.4617,4.2814,1.3229,3.6892,0.1732,0.911,0.728,1.6763,0.4796,4.0324,4.3139,3.9912,4.1097,0.5196],[0.7416,3.6797,3.2404,0.5477,3.2772,3.4132,1.7861,3.2833,2.9172,0.9695,1.0344,3.5861,1.7263,1.0954,1.3416,1.4318,3.0299,0.8124,0,2.3367,3.0952,2.0567,0.5099,1.7776,0.2,1.3379,3.8923,3.1289,0.7937,0.4583,0.3317,1.0149,3.438,2.9698,3.297,1.3304,3.3838,0.8602,3.2404,3.3645,0.5916,0.8367,1.5652,1.4387,0.995,2.9766,1.179,3.4684,0.7746,0.6708,3.0348,3.3496,0.5,1.01,2.9614,0.922,1.0954,0.8485,1.2,1.7349,0.8544,2.2472,1.0296,1.1,1.5427,1.7059,2.9326,3.5426,1.8303,2.9309,0.7141,0.3873,1.3964,1.0909,0.4796,3.2924,3.6401,3.214,3.3451,0.9539],[1.9875,6.005,5.5624,2.7677,5.5803,5.7385,1.118,5.6036,0.6083,3.0232,3.3362,5.9144,3.8184,1.9339,1.4765,3.0282,5.331,1.7321,2.3367,0,5.4019,0.4359,2.687,1.0296,2.2494,1.1358,6.1992,5.4397,1.8466,2.0567,2.6439,3.1984,5.7585,5.1749,5.5884,1.2207,5.6187,2.99,5.4991,5.6868,2.8267,1.5937,0.995,1.3528,1.8466,5.2517,2.1095,5.7576,2.7019,2.496,5.2659,5.6586,1.9053,1.6912,5.2773,3.2296,1.9339,3.0496,1.3638,0.9849,2.6363,0.2646,1.99,3.2202,1.0488,0.8775,1.1045,5.866,0.5568,5.1933,1.8628,2.5436,1.2207,3.3,1.9053,5.6125,5.954,5.4635,5.6365,1.4387],[3.5958,0.8367,0.6,2.7785,0.4243,0.7,4.7212,0.5831,5.9791,2.8178,2.2517,0.9592,2.4536,3.9013,4.3197,3.2604,0.5477,3.8288,3.0952,5.4019,0,5.0725,2.846,4.7645,3.178,4.3761,0.8307,0.2236,3.7135,3.3571,2.8196,2.5593,0.7616,0.8246,0.5,4.3324,0.6708,2.7386,0.5477,0.6782,2.7514,3.9038,4.5771,4.3578,3.8406,0.5831,3.8743,0.5568,3.043,3.1353,0.6083,0.4899,3.5228,3.9925,0.2646,2.2825,3.9013,2.6268,4.2403,4.6893,3.1032,5.3094,3.8807,2.571,4.5233,4.7927,5.7879,0.6557,4.8713,0.4796,3.6892,2.9377,4.4147,2.4556,3.5426,0.5831,1.3675,0.6083,0.4583,3.9887],[1.7088,5.7,5.2621,2.504,5.2621,5.4387,0.8832,5.3019,0.9695,2.8196,3.0822,5.6258,3.629,1.7407,1.3748,2.8355,5.017,1.5067,2.0567,0.4359,5.0725,0,2.4145,0.8544,1.9672,0.8832,5.872,5.1186,1.5684,1.7263,2.3707,2.9766,5.4635,4.8322,5.2688,0.9487,5.2707,2.7622,5.1643,5.3898,2.5846,1.3675,0.7348,1.0863,1.5937,4.9325,1.9442,5.4314,2.4839,2.2226,4.9173,5.3451,1.631,1.5199,4.9598,2.9428,1.7407,2.8196,1.179,0.6633,2.3707,0.469,1.8788,2.9698,0.7416,0.8832,1.0247,5.5588,0.3464,4.8518,1.6125,2.2494,1.0296,3.0757,1.6432,5.3075,5.6956,5.1284,5.3122,1.1402],[0.8426,3.3764,2.9698,0.1414,3.0397,3.1225,2.0518,3.0299,3.2787,0.6633,0.8185,3.2772,1.3711,1.1045,1.49,1.0247,2.7495,1.0677,0.5099,2.687,2.846,2.4145,0,2.005,0.7071,1.6093,3.6263,2.8827,0.9539,0.8426,0.4583,0.7,3.178,2.839,3.0903,1.5716,3.2109,0.4899,3.0496,3.1145,0.3873,1.1045,1.8841,1.7349,1.0536,2.7928,1.1358,3.2265,0.4243,0.3873,2.8548,3.1145,0.9849,1.2329,2.7221,0.6083,1.1045,0.5477,1.4491,2.0125,0.4796,2.6211,1.1225,0.6245,1.8868,1.9925,3.3136,3.2726,2.2159,2.6963,0.9327,0.3,1.6031,0.7937,0.922,3.01,3.3481,3.0381,3.1257,1.3454],[1.1874,5.3572,4.9538,2.0928,4.99,5.1098,0.3606,5.006,1.5264,2.3537,2.7441,5.2707,3.1591,1.077,1,2.1794,4.7181,1.0488,1.7776,1.0296,4.7645,0.8544,2.005,0,1.755,0.5,5.5687,4.826,1.063,1.4933,2.0616,2.5632,5.1633,4.6583,5.021,0.5196,5.0507,2.3022,4.9417,5.0912,2.2113,1.0296,0.4359,0.6403,1.005,4.7096,1.253,5.1662,2.0298,1.7292,4.6979,5.0695,1.5067,1.01,4.6637,2.5436,1.077,2.4249,0.6633,0.3873,1.8412,1.0149,1.4213,2.4556,0.5831,0.6708,1.7321,5.2469,0.922,4.588,1.1358,1.8466,0.5,2.6851,1.4036,4.992,5.3245,4.9183,5.0567,0.9644],[0.8185,3.7815,3.3317,0.7348,3.3556,3.5114,1.7407,3.3675,2.8196,1.1225,1.1446,3.6905,1.8708,1.1832,1.3711,1.6155,3.1273,0.8124,0.2,2.2494,3.178,1.9672,0.7071,1.755,0,1.3077,3.9787,3.2109,0.8426,0.4123,0.4359,1.1619,3.5242,3.01,3.363,1.3153,3.4366,1.0296,3.3015,3.4467,0.7416,0.8367,1.5,1.382,1.0724,3.0364,1.2767,3.5482,0.9592,0.8544,3.0935,3.4264,0.3606,1.01,3.0414,1.063,1.1832,1,1.1832,1.6882,1.044,2.1471,1.0863,1.2845,1.4629,1.6583,2.8213,3.6318,1.7292,3.0116,0.7416,0.5568,1.3964,1.2288,0.3873,3.3882,3.7376,3.2696,3.4161,0.866],[0.8602,4.9649,4.5464,1.7,4.5793,4.7096,0.6481,4.5967,1.7205,1.9975,2.3324,4.8775,2.8089,0.866,0.7,1.9545,4.3093,0.7,1.3379,1.1358,4.3761,0.8832,1.6093,0.5,1.3077,0,5.1749,4.4249,0.7211,1.0677,1.6432,2.1772,4.7529,4.2391,4.6065,0.1414,4.6497,1.9365,4.5266,4.6829,1.8055,0.5745,0.4243,0.6164,0.7211,4.286,1.0863,4.756,1.6523,1.3784,4.2919,4.6594,1.0392,0.7416,4.2638,2.1633,0.866,2.0273,0.3873,0.5099,1.5166,1.1045,1.1091,2.1213,0.5196,0.6164,1.8574,4.8456,0.7874,4.1857,0.7874,1.4629,0.2449,2.2891,0.9695,4.588,4.9376,4.5011,4.6454,0.5477],[4.3955,0.5385,0.8062,3.5595,0.6708,0.7071,5.5371,0.7681,6.7809,3.5651,3.0166,0.8307,3.1,4.6851,5.0843,3.9749,0.9434,4.6336,3.8923,6.1992,0.8307,5.872,3.6263,5.5687,3.9787,5.1749,0,0.7746,4.5144,4.1641,3.6194,3.3015,0.755,1.3229,0.7483,5.1284,0.9274,3.4971,0.866,0.781,3.527,4.6936,5.3907,5.1788,4.6282,1.0817,4.654,0.5099,3.7908,3.9115,1.1225,0.6403,4.3197,4.7948,0.9592,3.0757,4.6851,3.3808,5.0428,5.4955,3.8652,6.1139,4.6487,3.3196,5.3395,5.5875,6.5826,0.5099,5.6675,1.0677,4.4944,3.739,5.2058,3.1906,4.3474,0.728,1.3416,0.9487,0.6481,4.7979],[3.6551,0.728,0.4123,2.8125,0.2236,0.5477,4.7937,0.3873,6.0183,2.8337,2.2583,0.8307,2.4352,3.9535,4.3417,3.3045,0.4123,3.8769,3.1289,5.4397,0.2236,5.1186,2.8827,4.826,3.2109,4.4249,0.7746,0,3.7709,3.4088,2.8531,2.5652,0.5745,0.8185,0.3464,4.3841,0.7071,2.7622,0.4796,0.5,2.7713,3.9383,4.6368,4.4294,3.8962,0.4583,3.9268,0.4243,3.061,3.1843,0.6481,0.3,3.5525,4.0386,0.2,2.3281,3.9535,2.6363,4.2884,4.7539,3.1528,5.3498,3.9,2.6115,4.5858,4.827,5.8455,0.5099,4.9071,0.5099,3.7417,2.99,4.4609,2.4536,3.5805,0.4123,1.249,0.5477,0.3162,4.0373],[0.1414,4.2953,3.8923,1.044,3.9357,4.0472,1.1045,3.9459,2.4249,1.382,1.7088,4.2083,2.1932,0.4796,0.9,1.3638,3.662,0.3606,0.7937,1.8466,3.7135,1.5684,0.9539,1.063,0.8426,0.7211,4.5144,3.7709,0,0.6164,1.0488,1.5556,4.1024,3.6455,3.9724,0.6782,4.0274,1.2923,3.9051,4.0311,1.1916,0.4583,0.9695,0.8367,0.2828,3.6674,0.6782,4.1158,1.063,0.7071,3.6742,4.0137,0.7746,0.5568,3.6083,1.4832,0.4796,1.4107,0.5916,1.0863,0.8602,1.7833,0.866,1.4353,0.995,1.1916,2.4839,4.1857,1.4353,3.5496,0.2449,0.7874,0.7348,1.6733,0.6164,3.9306,4.2732,3.8859,4.0075,0.6164],[0.6164,3.9912,3.5595,0.922,3.5623,3.7336,1.456,3.5986,2.6344,1.382,1.4491,3.923,2.1564,1.063,1.2923,1.6673,3.3242,0.7141,0.4583,2.0567,3.3571,1.7263,0.8426,1.4933,0.4123,1.0677,4.1641,3.4088,0.6164,0,0.7348,1.4491,3.7643,3.1828,3.5749,1.0488,3.5972,1.261,3.4857,3.6865,1.0296,0.728,1.249,1.1225,0.8602,3.2512,1.2166,3.739,1.1269,0.8246,3.2465,3.6428,0.4243,0.9539,3.2465,1.257,1.063,1.2845,1.0247,1.3784,1.0198,1.9698,1.1874,1.4353,1.1958,1.5362,2.5436,3.8497,1.5427,3.1654,0.6164,0.6164,1.1832,1.5297,0.4243,3.6042,4.0125,3.4554,3.6166,0.6481],[0.9695,3.3985,2.958,0.4123,3.005,3.1305,2.0543,2.9983,3.2156,0.781,0.7348,3.297,1.4799,1.2923,1.6155,1.3928,2.7695,1.0536,0.3317,2.6439,2.8196,2.3707,0.4583,2.0616,0.4359,1.6432,3.6194,2.8531,1.0488,0.7348,0,0.7746,3.1512,2.7295,3.0232,1.6371,3.1305,0.6708,2.985,3.0741,0.3742,1.1358,1.8493,1.6852,1.241,2.7111,1.3191,3.2062,0.755,0.7616,2.7928,3.0708,0.7874,1.2207,2.6796,0.6481,1.2923,0.6245,1.4663,2.0347,0.9055,2.5417,1.1874,0.9165,1.8248,1.9849,3.2388,3.2588,2.1401,2.687,0.9487,0.4,1.6912,0.8367,0.7483,3.015,3.3317,2.9597,3.0757,1.249],[1.4491,2.985,2.5749,0.5745,2.7111,2.7203,2.6192,2.6363,3.7709,0.3,0.4243,2.8337,0.7141,1.5843,1.9313,1.1045,2.431,1.5588,1.0149,3.1984,2.5593,2.9766,0.7,2.5632,1.1619,2.1772,3.3015,2.5652,1.5556,1.4491,0.7746,0,2.7586,2.6552,2.7677,2.1633,3,0.3,2.7982,2.7,0.4243,1.6279,2.4372,2.2804,1.6432,2.496,1.5166,2.9257,0.6403,1.01,2.6758,2.7622,1.4629,1.6523,2.3958,0.5831,1.5843,0.1732,1.9468,2.6192,1.01,3.1145,1.3748,0.5292,2.4515,2.4372,3.9102,2.8879,2.7386,2.494,1.4629,0.9165,2.1494,0.1414,1.4,2.6325,2.8107,2.7928,2.8178,1.8974],[3.9862,0.469,0.2449,3.0952,0.469,0.2646,5.1527,0.2,6.3364,3.0299,2.488,0.4243,2.502,4.245,4.6022,3.5256,0.6481,4.1809,3.438,5.7585,0.7616,5.4635,3.178,5.1633,3.5242,4.7529,0.755,0.5745,4.1024,3.7643,3.1512,2.7586,0,1.257,0.5745,4.7191,1.1269,2.99,0.8718,0.1414,3.0216,4.2356,4.981,4.7843,4.2178,0.7874,4.1988,0.6083,3.2955,3.4943,1.1619,0.3742,3.8639,4.3243,0.6557,2.6325,4.245,2.8531,4.5935,5.1176,3.454,5.6683,4.1231,2.8618,4.9417,5.1098,6.2338,0.2646,5.2316,1.0344,4.0559,3.3181,4.7739,2.6363,3.8897,0.3162,0.7937,0.9327,0.5916,4.3738],[3.5482,1.49,1.1489,2.7857,0.8367,1.3229,4.5946,1.0863,5.735,2.9292,2.2738,1.6125,2.7313,3.9166,4.245,3.4828,1.01,3.7497,2.9698,5.1749,0.8246,4.8322,2.839,4.6583,3.01,4.2391,1.3229,0.8185,3.6455,3.1828,2.7295,2.6552,1.257,0,0.7141,4.2036,0.5196,2.832,0.469,1.1747,2.7477,3.7895,4.4193,4.2297,3.8066,0.5099,3.9332,0.9,3.0952,3.1512,0.3317,0.9165,3.3211,3.937,0.8062,2.3302,3.9166,2.6796,4.1497,4.5266,3.1639,5.0804,3.8704,2.7404,4.3428,4.6637,5.4608,1.2369,4.6249,0.6403,3.6208,2.8931,4.3162,2.5475,3.3897,1.1747,1.9621,0.3873,0.7416,3.8066],[3.8626,0.8307,0.5385,3.0183,0.2236,0.6782,4.982,0.4359,6.1595,3.0447,2.4372,0.9434,2.6552,4.1749,4.531,3.5721,0.6403,4.0632,3.297,5.5884,0.5,5.2688,3.0903,5.021,3.363,4.6065,0.7483,0.3464,3.9724,3.5749,3.0232,2.7677,0.5745,0.7141,0,4.5717,0.5831,2.9783,0.3317,0.5,2.9597,4.117,4.8104,4.6109,4.111,0.3606,4.1545,0.3742,3.2757,3.4088,0.6481,0.2236,3.6959,4.2273,0.4472,2.5417,4.1749,2.8337,4.4755,4.9356,3.3912,5.4936,4.0902,2.8601,4.7529,4.998,5.9741,0.5477,5.0478,0.6782,3.9345,3.1906,4.654,2.6495,3.739,0.5745,1.3115,0.3742,0.1414,4.1976],[0.8124,4.9204,4.5089,1.6703,4.5398,4.669,0.6782,4.5618,1.8055,1.9875,2.3195,4.8384,2.7946,0.8307,0.7141,1.9026,4.2626,0.728,1.3304,1.2207,4.3324,0.9487,1.5716,0.5196,1.3153,0.1414,5.1284,4.3841,0.6782,1.0488,1.6371,2.1633,4.7191,4.2036,4.5717,0,4.6087,1.9157,4.4866,4.6508,1.7944,0.5916,0.5099,0.6633,0.6481,4.2532,1.0677,4.7117,1.6217,1.3191,4.2474,4.6228,1.0677,0.7937,4.2261,2.1307,0.8307,2.0125,0.4583,0.5099,1.4491,1.2083,1.1446,2.0785,0.5916,0.7348,1.8947,4.8062,0.8832,4.1352,0.7874,1.4283,0.2449,2.276,1,4.5464,4.9132,4.4632,4.6065,0.6],[3.9217,1.2369,1.063,3.1544,0.7,1.1662,4.982,0.9849,6.1822,3.2665,2.642,1.4318,2.995,4.2767,4.6551,3.7603,1.005,4.1437,3.3838,5.6187,0.6708,5.2707,3.2109,5.0507,3.4366,4.6497,0.9274,0.7071,4.0274,3.5972,3.1305,3,1.1269,0.5196,0.5831,4.6087,0,3.1733,0.3606,1.0536,3.1273,4.2036,4.827,4.6174,4.1785,0.6708,4.2778,0.6633,3.4569,3.5071,0.4,0.755,3.7603,4.3255,0.7874,2.6721,4.2767,3.0414,4.5486,4.9295,3.5014,5.5227,4.2603,3.0397,4.7529,5.0853,5.9017,1.01,5.0735,0.6782,4.0075,3.268,4.7181,2.8948,3.8105,1.0536,1.8385,0.3464,0.5477,4.2285],[1.179,3.1937,2.7964,0.3742,2.9189,2.9377,2.3601,2.8601,3.5651,0.2,0.6245,3.0561,0.9165,1.3038,1.7146,0.8775,2.6306,1.3191,0.8602,2.99,2.7386,2.7622,0.4899,2.3022,1.0296,1.9365,3.4971,2.7622,1.2923,1.261,0.6708,0.3,2.99,2.832,2.9783,1.9157,3.1733,0,2.99,2.9292,0.3317,1.4071,2.1977,2.0322,1.3675,2.7055,1.2369,3.1257,0.4243,0.7416,2.8408,2.9766,1.3153,1.4142,2.5942,0.5745,1.3038,0.2449,1.7029,2.3685,0.7416,2.9103,1.1747,0.3873,2.2181,2.2204,3.7014,3.1032,2.5436,2.6589,1.2124,0.7,1.9,0.4359,1.2207,2.846,3.0545,2.985,3.0216,1.6882],[3.7987,1.0488,0.7874,2.99,0.4243,0.922,4.8959,0.7211,6.0704,3.0757,2.4515,1.2083,2.7604,4.1352,4.4833,3.5847,0.7071,4.015,3.2404,5.4991,0.5477,5.1643,3.0496,4.9417,3.3015,4.5266,0.866,0.4796,3.9051,3.4857,2.985,2.7982,0.8718,0.469,0.3317,4.4866,0.3606,2.99,0,0.8124,2.9513,4.0571,4.7276,4.5332,4.046,0.3742,4.134,0.4359,3.265,3.3571,0.3606,0.5099,3.6263,4.1929,0.5745,2.5199,4.1352,2.846,4.4204,4.8343,3.3451,5.4102,4.0841,2.8653,4.6626,4.9447,5.8327,0.8062,4.9548,0.5,3.882,3.1353,4.5837,2.6851,3.681,0.7874,1.6279,0.1,0.3,4.117],[3.9154,0.5477,0.2449,3.0299,0.4243,0.3317,5.0725,0.1414,6.2618,2.9698,2.4187,0.5099,2.4617,4.1809,4.5475,3.4799,0.6481,4.1061,3.3645,5.6868,0.6782,5.3898,3.1145,5.0912,3.4467,4.6829,0.781,0.5,4.0311,3.6865,3.0741,2.7,0.1414,1.1747,0.5,4.6508,1.0536,2.9292,0.8124,0,2.9547,4.1689,4.902,4.7,4.1533,0.7071,4.134,0.6083,3.2435,3.4337,1.0909,0.3162,3.7881,4.2497,0.5568,2.5593,4.1809,2.7928,4.5211,5.0428,3.3985,5.592,4.062,2.8054,4.86,5.0408,6.1547,0.3,5.1585,0.9849,3.9812,3.245,4.7085,2.5788,3.8118,0.3464,0.8185,0.866,0.5385,4.2953],[1.0954,3.2573,2.8302,0.2646,2.9206,2.99,2.2494,2.8827,3.4029,0.4359,0.5477,3.1321,1.1358,1.3077,1.6401,1.1489,2.6552,1.1958,0.5916,2.8267,2.7514,2.5846,0.3873,2.2113,0.7416,1.8055,3.527,2.7713,1.1916,1.0296,0.3742,0.4243,3.0216,2.7477,2.9597,1.7944,3.1273,0.3317,2.9513,2.9547,0,1.261,2.0543,1.9026,1.3191,2.6627,1.2884,3.1273,0.5,0.7348,2.7893,2.9816,1.0488,1.3229,2.6,0.5477,1.3077,0.2646,1.5969,2.2361,0.8124,2.7386,1.1358,0.6481,2.0567,2.1024,3.5,3.1401,2.3495,2.642,1.0954,0.5477,1.8055,0.5099,0.9899,2.8862,3.1432,2.936,3.01,1.49],[0.5568,4.4609,4.0348,1.1832,4.0866,4.1988,1.1446,4.0866,2.184,1.4629,1.7916,4.3589,2.2672,0.6481,0.5831,1.5652,3.8131,0.3742,0.8367,1.5937,3.9038,1.3675,1.1045,1.0296,0.8367,0.5745,4.6936,3.9383,0.4583,0.728,1.1358,1.6279,4.2356,3.7895,4.117,0.5916,4.2036,1.4071,4.0571,4.1689,1.261,0,0.9,0.922,0.5385,3.7974,0.8426,4.272,1.1225,0.9434,3.8458,4.1617,0.6245,0.5099,3.7749,1.6703,0.6481,1.4765,0.469,1.063,1.1,1.5395,0.6782,1.634,0.9487,0.911,2.3452,4.3417,1.1619,3.7269,0.4359,1.005,0.5916,1.7349,0.5385,4.0817,4.4011,4.0336,4.1605,0.5],[1.1045,5.201,4.7781,1.9621,4.7969,4.9457,0.3464,4.8198,1.5166,2.2517,2.5652,5.1176,3.0741,1.1358,1.0724,2.2405,4.553,0.8888,1.5652,0.995,4.5771,0.7348,1.8841,0.4359,1.5,0.4243,5.3907,4.6368,0.9695,1.249,1.8493,2.4372,4.981,4.4193,4.8104,0.5099,4.827,2.1977,4.7276,4.902,2.0543,0.9,0,0.3742,1.0296,4.4911,1.3115,4.978,1.9672,1.6733,4.4833,4.8734,1.2247,0.8888,4.4699,2.3875,1.1358,2.2913,0.5745,0.3742,1.8221,0.8944,1.3748,2.3875,0.1732,0.6633,1.634,5.0695,0.7071,4.4023,0.9899,1.6912,0.6,2.5495,1.1402,4.8239,5.1633,4.6968,4.8539,0.6481],[0.9487,4.995,4.5815,1.8028,4.5989,4.7455,0.4243,4.6206,1.8385,2.0905,2.3958,4.9143,2.9103,1.0344,1.2207,2.0833,4.3669,0.7681,1.4387,1.3528,4.3578,1.0863,1.7349,0.6403,1.382,0.6164,5.1788,4.4294,0.8367,1.1225,1.6852,2.2804,4.7843,4.2297,4.6109,0.6633,4.6174,2.0322,4.5332,4.7,1.9026,0.922,0.3742,0,0.9487,4.3023,1.1747,4.7833,1.8574,1.5297,4.2849,4.6723,1.1747,0.781,4.2591,2.1863,1.0344,2.1424,0.5916,0.6164,1.6793,1.2247,1.3454,2.2,0.3606,0.9274,1.9,4.8642,1.0488,4.2071,0.8367,1.51,0.7616,2.3958,1.0392,4.6271,4.9538,4.5033,4.654,0.6325],[0.3162,4.392,4.0037,1.1533,4.0608,4.1497,1.1225,4.0657,2.4249,1.4526,1.8439,4.3023,2.2383,0.3317,0.781,1.2728,3.7643,0.5385,0.995,1.8466,3.8406,1.5937,1.0536,1.005,1.0724,0.7211,4.6282,3.8962,0.2828,0.8602,1.241,1.6432,4.2178,3.8066,4.111,0.6481,4.1785,1.3675,4.046,4.1533,1.3191,0.5385,1.0296,0.9487,0,3.8118,0.5831,4.2356,1.0817,0.7348,3.8184,4.1413,1,0.6557,3.739,1.6125,0.3317,1.5067,0.6245,1.0863,0.8367,1.8166,0.866,1.4765,1.0909,1.1747,2.5239,4.2988,1.49,3.6715,0.469,0.9487,0.6481,1.7664,0.8602,4.0361,4.3749,4.0324,4.14,0.8124],[3.5623,1.0954,0.6782,2.724,0.4472,0.8775,4.6723,0.6164,5.8215,2.7785,2.1471,1.1576,2.4495,3.8859,4.2166,3.3392,0.6325,3.755,2.9766,5.2517,0.5831,4.9325,2.7928,4.7096,3.0364,4.286,1.0817,0.4583,3.6674,3.2512,2.7111,2.496,0.7874,0.5099,0.3606,4.2532,0.6708,2.7055,0.3742,0.7071,2.6627,3.7974,4.4911,4.3023,3.8118,0,3.8769,0.6245,2.99,3.1193,0.5385,0.5099,3.363,3.9243,0.4359,2.2605,3.8859,2.5495,4.1641,4.6163,3.1129,5.1585,3.7921,2.6096,4.4317,4.6765,5.6338,0.8307,4.7085,0.5745,3.629,2.8896,4.3394,2.377,3.4161,0.7348,1.4799,0.3606,0.4359,3.8717],[0.6481,4.3715,3.9962,1.179,4.0976,4.1304,1.3711,4.0608,2.642,1.253,1.8055,4.2485,1.9975,0.2646,0.9434,0.9899,3.8039,0.6708,1.179,2.1095,3.8743,1.9442,1.1358,1.253,1.2767,1.0863,4.654,3.9268,0.6782,1.2166,1.3191,1.5166,4.1988,3.9332,4.1545,1.0677,4.2778,1.2369,4.134,4.134,1.2884,0.8426,1.3115,1.1747,0.5831,3.8769,0,4.2919,1.0247,0.8718,3.937,4.1629,1.2728,0.6083,3.7603,1.6186,0.2646,1.4248,0.7937,1.4629,0.9165,2.0494,0.6557,1.3638,1.4036,1.2961,2.9138,4.2919,1.8166,3.7709,0.6481,1.0863,0.9592,1.6553,1.0677,4.0361,4.2497,4.1255,4.1905,1.1576],[4.0025,0.6557,0.5568,3.1639,0.2646,0.6,5.14,0.5196,6.3388,3.2016,2.6192,0.866,2.7911,4.307,4.6658,3.6579,0.5568,4.232,3.4684,5.7576,0.5568,5.4314,3.2265,5.1662,3.5482,4.756,0.5099,0.4243,4.1158,3.739,3.2062,2.9257,0.6083,0.9,0.3742,4.7117,0.6633,3.1257,0.4359,0.6083,3.1273,4.272,4.978,4.7833,4.2356,0.6245,4.2919,0,3.4015,3.5242,0.7211,0.3317,3.8807,4.4011,0.6164,2.6944,4.307,2.9917,4.6379,5.0813,3.49,5.6763,4.2532,2.9732,4.9244,5.1672,6.136,0.469,5.2211,0.6481,4.0963,3.3407,4.7937,2.8107,3.9243,0.5,1.3784,0.5292,0.2449,4.3726],[0.9644,3.49,3.0952,0.4243,3.2094,3.2357,2.1378,3.1654,3.2879,0.5099,0.9434,3.3615,1.2083,1.0392,1.3565,0.7937,2.8948,1.1225,0.7746,2.7019,3.043,2.4839,0.4243,2.0298,0.9592,1.6523,3.7908,3.061,1.063,1.1269,0.755,0.6403,3.2955,3.0952,3.2757,1.6217,3.4569,0.4243,3.265,3.2435,0.5,1.1225,1.9672,1.8574,1.0817,2.99,1.0247,3.4015,0,0.5196,3.1032,3.2772,1.1619,1.2247,2.9034,0.866,1.0392,0.5292,1.456,2.1048,0.5196,2.6514,0.9274,0.6245,2.005,1.9416,3.4409,3.4073,2.2738,2.9138,1.0247,0.6708,1.5906,0.755,1.0817,3.1369,3.3926,3.2604,3.3121,1.4866],[0.5831,3.662,3.2787,0.5,3.3481,3.4205,1.8,3.3451,3.0887,0.8888,1.1916,3.5707,1.6155,0.8062,1.2767,0.8832,3.0414,0.911,0.6708,2.496,3.1353,2.2226,0.3873,1.7292,0.8544,1.3784,3.9115,3.1843,0.7071,0.8246,0.7616,1.01,3.4943,3.1512,3.4088,1.3191,3.5071,0.7416,3.3571,3.4337,0.7348,0.9434,1.6733,1.5297,0.7348,3.1193,0.8718,3.5242,0.5196,0,3.1464,3.4278,1.0296,1.0724,3.0299,0.9274,0.8062,0.8775,1.2369,1.7607,0.2,2.4495,1.0247,0.7874,1.6941,1.8,3.1289,3.5749,2.064,2.9766,0.7616,0.4243,1.3416,1.1225,0.9274,3.3091,3.6579,3.3496,3.4351,1.2247],[3.5693,1.3,1.0247,2.8054,0.7,1.1662,4.6411,0.9849,5.8361,2.9445,2.3195,1.4595,2.7148,3.9256,4.2884,3.4264,0.8307,3.8013,3.0348,5.2659,0.6083,4.9173,2.8548,4.6979,3.0935,4.2919,1.1225,0.6481,3.6742,3.2465,2.7928,2.6758,1.1619,0.3317,0.6481,4.2474,0.4,2.8408,0.3606,1.0909,2.7893,3.8458,4.4833,4.2849,3.8184,0.5385,3.937,0.7211,3.1032,3.1464,0,0.8062,3.4147,3.9887,0.6782,2.3367,3.9256,2.7074,4.2012,4.576,3.1401,5.1788,3.9179,2.7055,4.4125,4.735,5.5597,1.0863,4.7223,0.3742,3.6633,2.9189,4.3566,2.5729,3.4699,1.0149,1.8815,0.3464,0.6164,3.8833],[3.9,0.6164,0.3464,3.0397,0.1414,0.4583,5.0408,0.2449,6.2346,3.0364,2.4556,0.7211,2.5962,4.1929,4.5585,3.5369,0.5477,4.1061,3.3496,5.6586,0.4899,5.3451,3.1145,5.0695,3.4264,4.6594,0.6403,0.3,4.0137,3.6428,3.0708,2.7622,0.3742,0.9165,0.2236,4.6228,0.755,2.9766,0.5099,0.3162,2.9816,4.1617,4.8734,4.6723,4.1413,0.5099,4.1629,0.3317,3.2772,3.4278,0.8062,0,3.7643,4.2638,0.4359,2.5632,4.1929,2.839,4.5188,4.999,3.3985,5.5669,4.1061,2.8443,4.8229,5.0448,6.0745,0.3317,5.1235,0.7416,3.9762,3.2296,4.6957,2.6439,3.7987,0.3742,1.1269,0.5745,0.2236,4.265],[0.8124,4.1267,3.6729,1.0344,3.6919,3.8549,1.5033,3.7081,2.4739,1.3892,1.4832,4.0361,2.161,1.1358,1.1619,1.7944,3.4627,0.6856,0.5,1.9053,3.5228,1.631,0.9849,1.5067,0.3606,1.0392,4.3197,3.5525,0.7746,0.4243,0.7874,1.4629,3.8639,3.3211,3.6959,1.0677,3.7603,1.3153,3.6263,3.7881,1.0488,0.6245,1.2247,1.1747,1,3.363,1.2728,3.8807,1.1619,1.0296,3.4147,3.7643,0,0.8775,3.3853,1.4142,1.1358,1.3,0.9644,1.4213,1.2247,1.8055,1.0247,1.5811,1.1874,1.3638,2.496,3.9749,1.3784,3.3407,0.6782,0.8367,1.1576,1.5362,0.2449,3.7296,4.0817,3.5917,3.7497,0.5831],[0.6245,4.5475,4.1304,1.2728,4.2,4.2884,1.063,4.1785,2.2249,1.4283,1.852,4.4294,2.2361,0.5477,0.8124,1.5,3.9446,0.2449,1.01,1.6912,3.9925,1.5199,1.2329,1.01,1.01,0.7416,4.7948,4.0386,0.5568,0.9539,1.2207,1.6523,4.3243,3.937,4.2273,0.7937,4.3255,1.4142,4.1929,4.2497,1.3229,0.5099,0.8888,0.781,0.6557,3.9243,0.6083,4.4011,1.2247,1.0724,3.9887,4.2638,0.8775,0,3.8639,1.7234,0.5477,1.5297,0.3742,1.1533,1.2124,1.5843,0.5831,1.6462,0.9592,0.9,2.494,4.4306,1.3379,3.8717,0.3873,1.1,0.728,1.7748,0.6708,4.1833,4.4193,4.1701,4.2767,0.6708],[3.4928,0.866,0.4796,2.6476,0.3873,0.6481,4.6282,0.4583,5.8532,2.6627,2.0833,0.911,2.2782,3.7908,4.1845,3.1559,0.4796,3.7054,2.9614,5.2773,0.2646,4.9598,2.7221,4.6637,3.0414,4.2638,0.9592,0.2,3.6083,3.2465,2.6796,2.3958,0.6557,0.8062,0.4472,4.2261,0.7874,2.5942,0.5745,0.5568,2.6,3.7749,4.4699,4.2591,3.739,0.4359,3.7603,0.6164,2.9034,3.0299,0.6782,0.4359,3.3853,3.8639,0,2.1587,3.7908,2.4678,4.1195,4.5957,3.0033,5.1827,3.7296,2.4536,4.4193,4.6583,5.6947,0.6481,4.7455,0.5477,3.5721,2.8249,4.3012,2.2847,3.4088,0.5196,1.249,0.6164,0.469,3.8704],[1.3638,2.8337,2.4269,0.5196,2.496,2.5807,2.5417,2.4799,3.8105,0.728,0.4472,2.7368,1.1269,1.6401,2.0857,1.2728,2.2338,1.5716,0.922,3.2296,2.2825,2.9428,0.6083,2.5436,1.063,2.1633,3.0757,2.3281,1.4832,1.257,0.6481,0.5831,2.6325,2.3302,2.5417,2.1307,2.6721,0.5745,2.5199,2.5593,0.5477,1.6703,2.3875,2.1863,1.6125,2.2605,1.6186,2.6944,0.866,0.9274,2.3367,2.5632,1.4142,1.7234,2.1587,0,1.6401,0.5385,1.9824,2.5338,0.9487,3.1401,1.6279,0.5477,2.3685,2.5417,3.7987,2.7203,2.7386,2.1817,1.4353,0.7071,2.1772,0.6,1.3638,2.4718,2.8036,2.51,2.5807,1.8276],[0.4796,4.4204,4.0373,1.1747,4.1207,4.1773,1.2124,4.1012,2.488,1.3491,1.8412,4.3105,2.1213,0,0.7746,1.118,3.8236,0.5477,1.0954,1.9339,3.9013,1.7407,1.1045,1.077,1.1832,0.866,4.6851,3.9535,0.4796,1.063,1.2923,1.5843,4.245,3.9166,4.1749,0.8307,4.2767,1.3038,4.1352,4.1809,1.3077,0.6481,1.1358,1.0344,0.3317,3.8859,0.2646,4.307,1.0392,0.8062,3.9256,4.1929,1.1358,0.5477,3.7908,1.6401,0,1.4697,0.6325,1.253,0.8775,1.8894,0.6782,1.4318,1.2247,1.1619,2.7055,4.3347,1.6217,3.767,0.5196,1.0344,0.7416,1.7176,0.9539,4.0743,4.3417,4.1243,4.2083,0.9747],[1.3077,3.0822,2.6646,0.4243,2.7821,2.816,2.4799,2.724,3.6263,0.3162,0.4359,2.9428,0.8832,1.4697,1.8,1.1,2.502,1.4213,0.8485,3.0496,2.6268,2.8196,0.5477,2.4249,1,2.0273,3.3808,2.6363,1.4107,1.2845,0.6245,0.1732,2.8531,2.6796,2.8337,2.0125,3.0414,0.2449,2.846,2.7928,0.2646,1.4765,2.2913,2.1424,1.5067,2.5495,1.4248,2.9917,0.5292,0.8775,2.7074,2.839,1.3,1.5297,2.4678,0.5385,1.4697,0,1.8111,2.4678,0.9,2.9682,1.2728,0.5385,2.3022,2.3043,3.747,2.9783,2.5826,2.5357,1.3229,0.7681,2.0075,0.2646,1.245,2.7203,2.9411,2.8373,2.8827,1.7407],[0.7141,4.8104,4.3932,1.5166,4.4475,4.553,0.7681,4.443,1.9157,1.7378,2.1331,4.7053,2.5495,0.6325,0.6633,1.7234,4.1833,0.4243,1.2,1.3638,4.2403,1.179,1.4491,0.6633,1.1832,0.3873,5.0428,4.2884,0.5916,1.0247,1.4663,1.9468,4.5935,4.1497,4.4755,0.4583,4.5486,1.7029,4.4204,4.5211,1.5969,0.469,0.5745,0.5916,0.6245,4.1641,0.7937,4.6379,1.456,1.2369,4.2012,4.5188,0.9644,0.3742,4.1195,1.9824,0.6325,1.8111,0,0.8062,1.3748,1.2845,0.8124,1.9105,0.6782,0.6245,2.1633,4.6936,1.0344,4.0878,0.5568,1.3077,0.3873,2.0664,0.8185,4.4407,4.7255,4.3966,4.52,0.5568],[1.2166,5.317,4.9061,2.1095,4.9143,5.0695,0.3742,4.9528,1.5033,2.4434,2.7459,5.2488,3.2604,1.253,1.1619,2.3409,4.6551,1.118,1.7349,0.9849,4.6893,0.6633,2.0125,0.3873,1.6882,0.5099,5.4955,4.7539,1.0863,1.3784,2.0347,2.6192,5.1176,4.5266,4.9356,0.5099,4.9295,2.3685,4.8343,5.0428,2.2361,1.063,0.3742,0.6164,1.0863,4.6163,1.4629,5.0813,2.1048,1.7607,4.576,4.999,1.4213,1.1533,4.5957,2.5338,1.253,2.4678,0.8062,0,1.8921,0.9695,1.5969,2.5179,0.4123,0.8602,1.4799,5.1942,0.7746,4.4878,1.1832,1.8276,0.6481,2.7313,1.3638,4.9427,5.3329,4.8062,4.9699,0.8602],[0.7348,3.6014,3.2357,0.5745,3.3181,3.3675,1.9287,3.3091,3.228,0.8888,1.2247,3.5086,1.5524,0.8775,1.3675,0.7348,2.995,1.0724,0.8544,2.6363,3.1032,2.3707,0.4796,1.8412,1.044,1.5166,3.8652,3.1528,0.8602,1.0198,0.9055,1.01,3.454,3.1639,3.3912,1.4491,3.5014,0.7416,3.3451,3.3985,0.8124,1.1,1.8221,1.6793,0.8367,3.1129,0.9165,3.49,0.5196,0.2,3.1401,3.3985,1.2247,1.2124,3.0033,0.9487,0.8775,0.9,1.3748,1.8921,0,2.6,1.118,0.7071,1.852,1.9287,3.2787,3.5299,2.2226,2.9496,0.9274,0.5831,1.456,1.1225,1.1225,3.2604,3.6028,3.3437,3.4117,1.4071],[1.9235,5.9237,5.4763,2.6926,5.4927,5.6551,1.0392,5.5127,0.6782,2.9377,3.2404,5.8301,3.7376,1.8894,1.4933,2.99,5.2583,1.634,2.2472,0.2646,5.3094,0.469,2.6211,1.0149,2.1471,1.1045,6.1139,5.3498,1.7833,1.9698,2.5417,3.1145,5.6683,5.0804,5.4936,1.2083,5.5227,2.9103,5.4102,5.592,2.7386,1.5395,0.8944,1.2247,1.8166,5.1585,2.0494,5.6763,2.6514,2.4495,5.1788,5.5669,1.8055,1.5843,5.1827,3.1401,1.8894,2.9682,1.2845,0.9695,2.6,0,1.9209,3.1528,0.9327,0.8246,1.1619,5.7775,0.5099,5.1166,1.772,2.4617,1.2166,3.2156,1.7944,5.5308,5.8532,5.3722,5.5462,1.3342],[0.8775,4.352,3.937,1.1402,4.0472,4.0878,1.5716,3.995,2.5278,1.1402,1.6583,4.2071,1.8815,0.6782,0.7348,1.261,3.7656,0.6633,1.0296,1.99,3.8807,1.8788,1.1225,1.4213,1.0863,1.1091,4.6487,3.9,0.866,1.1874,1.1874,1.3748,4.1231,3.8704,4.0902,1.1446,4.2603,1.1747,4.0841,4.062,1.1358,0.6782,1.3748,1.3454,0.866,3.7921,0.6557,4.2532,0.9274,1.0247,3.9179,4.1061,1.0247,0.5831,3.7296,1.6279,0.6782,1.2728,0.8124,1.5969,1.118,1.9209,0,1.4526,1.4629,1.1446,2.8948,4.2509,1.6523,3.767,0.728,1.1358,1.0149,1.4933,0.8775,3.9925,4.1701,4.0682,4.1413,1.0817],[1.3038,3.015,2.6552,0.5568,2.7803,2.7785,2.51,2.7295,3.8026,0.5196,0.7616,2.8931,0.922,1.4318,1.9261,0.7616,2.4678,1.5395,1.1,3.2202,2.571,2.9698,0.6245,2.4556,1.2845,2.1213,3.3196,2.6115,1.4353,1.4353,0.9165,0.5292,2.8618,2.7404,2.8601,2.0785,3.0397,0.3873,2.8653,2.8054,0.6481,1.634,2.3875,2.2,1.4765,2.6096,1.3638,2.9732,0.6245,0.7874,2.7055,2.8443,1.5811,1.6462,2.4536,0.5477,1.4318,0.5385,1.9105,2.5179,0.7071,3.1528,1.4526,0,2.4062,2.4617,3.8872,2.9496,2.7821,2.494,1.4071,0.8246,2.0736,0.6164,1.4832,2.6889,2.936,2.8705,2.8879,1.9079],[1.1269,5.1653,4.7392,1.9647,4.7455,4.9102,0.4123,4.777,1.5588,2.2804,2.5515,5.0892,3.1048,1.2247,1.1916,2.3087,4.5122,0.9274,1.5427,1.0488,4.5233,0.7416,1.8868,0.5831,1.4629,0.5196,5.3395,4.5858,0.995,1.1958,1.8248,2.4515,4.9417,4.3428,4.7529,0.5916,4.7529,2.2181,4.6626,4.86,2.0567,0.9487,0.1732,0.3606,1.0909,4.4317,1.4036,4.9244,2.005,1.6941,4.4125,4.8229,1.1874,0.9592,4.4193,2.3685,1.2247,2.3022,0.6782,0.4123,1.852,0.9327,1.4629,2.4062,0,0.8062,1.5811,5.0269,0.7141,4.344,1.0149,1.6763,0.728,2.5593,1.118,4.7854,5.143,4.6293,4.7969,0.6083],[1.3191,5.347,4.9163,2.0567,4.9749,5.0813,0.8718,4.9649,1.3928,2.2293,2.6344,5.2316,3.0116,1.1619,0.755,2.2226,4.7106,1.005,1.7059,0.8775,4.7927,0.8832,1.9925,0.6708,1.6583,0.6164,5.5875,4.827,1.1916,1.5362,1.9849,2.4372,5.1098,4.6637,4.998,0.7348,5.0853,2.2204,4.9447,5.0408,2.1024,0.911,0.6633,0.9274,1.1747,4.6765,1.2961,5.1672,1.9416,1.8,4.735,5.0448,1.3638,0.9,4.6583,2.5417,1.1619,2.3043,0.6245,0.8602,1.9287,0.8246,1.1446,2.4617,0.8062,0,1.8788,5.2249,0.7348,4.6282,1.1576,1.8815,0.6,2.5495,1.2884,4.9689,5.2326,4.9173,5.0478,0.9487],[2.6173,6.4699,6.0316,3.4088,5.985,6.2153,1.6523,6.0614,1.063,3.7762,3.9611,6.4265,4.5891,2.7055,2.3833,3.7934,5.7671,2.4617,2.9326,1.1045,5.7879,1.0247,3.3136,1.7321,2.8213,1.8574,6.5826,5.8455,2.4839,2.5436,3.2388,3.9102,6.2338,5.4608,5.9741,1.8947,5.9017,3.7014,5.8327,6.1547,3.5,2.3452,1.634,1.9,2.5239,5.6338,2.9138,6.136,3.4409,3.1289,5.5597,6.0745,2.496,2.494,5.6947,3.7987,2.7055,3.747,2.1633,1.4799,3.2787,1.1619,2.8948,3.8872,1.5811,1.8788,0,6.3127,1.2845,5.5362,2.5475,3.1193,2.0125,4.0012,2.5397,6.0729,6.5353,5.7888,6.0141,2.0322],[4.0669,0.3,0.3317,3.1953,0.4123,0.2449,5.2288,0.3,6.4467,3.1544,2.6153,0.4359,2.6476,4.3347,4.717,3.6083,0.6403,4.2814,3.5426,5.866,0.6557,5.5588,3.2726,5.2469,3.6318,4.8456,0.5099,0.5099,4.1857,3.8497,3.2588,2.8879,0.2646,1.2369,0.5477,4.8062,1.01,3.1032,0.8062,0.3,3.1401,4.3417,5.0695,4.8642,4.2988,0.8307,4.2919,0.469,3.4073,3.5749,1.0863,0.3317,3.9749,4.4306,0.6481,2.7203,4.3347,2.9783,4.6936,5.1942,3.5299,5.7775,4.2509,2.9496,5.0269,5.2249,6.3127,0,5.3385,0.9592,4.1497,3.4029,4.8683,2.7713,3.9975,0.3,0.9274,0.8832,0.5099,4.4699],[1.5748,5.4854,5.0369,2.2956,5.0448,5.2173,0.9695,5.0744,1.1225,2.5904,2.839,5.4009,3.3897,1.6217,1.2042,2.6907,4.8052,1.3229,1.8303,0.5568,4.8713,0.3464,2.2159,0.922,1.7292,0.7874,5.6675,4.9071,1.4353,1.5427,2.1401,2.7386,5.2316,4.6249,5.0478,0.8832,5.0735,2.5436,4.9548,5.1585,2.3495,1.1619,0.7071,1.0488,1.49,4.7085,1.8166,5.2211,2.2738,2.064,4.7223,5.1235,1.3784,1.3379,4.7455,2.7386,1.6217,2.5826,1.0344,0.7746,2.2226,0.5099,1.6523,2.7821,0.7141,0.7348,1.2845,5.3385,0,4.6583,1.4422,2.064,0.9487,2.832,1.4071,5.0882,5.4516,4.9173,5.0971,0.9487],[3.438,1.118,0.8426,2.6476,0.6083,0.9695,4.5541,0.8544,5.7758,2.7622,2.1726,1.261,2.4839,3.767,4.1388,3.1906,0.5385,3.6892,2.9309,5.1933,0.4796,4.8518,2.6963,4.588,3.0116,4.1857,1.0677,0.5099,3.5496,3.1654,2.687,2.494,1.0344,0.6403,0.6782,4.1352,0.6782,2.6589,0.5,0.9849,2.642,3.7269,4.4023,4.2071,3.6715,0.5745,3.7709,0.6481,2.9138,2.9766,0.3742,0.7416,3.3407,3.8717,0.5477,2.1817,3.767,2.5357,4.0878,4.4878,2.9496,5.1166,3.767,2.494,4.344,4.6282,5.5362,0.9592,4.6583,0,3.5468,2.7893,4.2308,2.3917,3.3853,0.8062,1.7263,0.5477,0.6164,3.8079],[0.2828,4.2673,3.8536,0.995,3.9051,4.0125,1.1576,3.9026,2.429,1.2767,1.6186,4.1677,2.1,0.5196,0.922,1.3711,3.6455,0.1732,0.7141,1.8628,3.6892,1.6125,0.9327,1.1358,0.7416,0.7874,4.4944,3.7417,0.2449,0.6164,0.9487,1.4629,4.0559,3.6208,3.9345,0.7874,4.0075,1.2124,3.882,3.9812,1.0954,0.4359,0.9899,0.8367,0.469,3.629,0.6481,4.0963,1.0247,0.7616,3.6633,3.9762,0.6782,0.3873,3.5721,1.4353,0.5196,1.3229,0.5568,1.1832,0.9274,1.772,0.728,1.4071,1.0149,1.1576,2.5475,4.1497,1.4422,3.5468,0,0.7616,0.8124,1.5811,0.469,3.9,4.2,3.8601,3.9774,0.5831],[0.6782,3.5199,3.1097,0.3606,3.1544,3.268,1.8493,3.1607,3.1273,0.8544,0.9695,3.4337,1.5969,1.0344,1.4731,1.1747,2.8896,0.911,0.3873,2.5436,2.9377,2.2494,0.3,1.8466,0.5568,1.4629,3.739,2.99,0.7874,0.6164,0.4,0.9165,3.3181,2.8931,3.1906,1.4283,3.268,0.7,3.1353,3.245,0.5477,1.005,1.6912,1.51,0.9487,2.8896,1.0863,3.3407,0.6708,0.4243,2.9189,3.2296,0.8367,1.1,2.8249,0.7071,1.0344,0.7681,1.3077,1.8276,0.5831,2.4617,1.1358,0.8246,1.6763,1.8815,3.1193,3.4029,2.064,2.7893,0.7616,0,1.49,1.01,0.7483,3.1512,3.5071,3.1177,3.228,1.1489],[0.8602,4.9749,4.5662,1.6941,4.6163,4.7223,0.7483,4.6228,1.7944,1.9519,2.3452,4.8795,2.7477,0.7416,0.5385,1.8276,4.3301,0.728,1.3964,1.2207,4.4147,1.0296,1.6031,0.5,1.3964,0.2449,5.2058,4.4609,0.7348,1.1832,1.6912,2.1494,4.7739,4.3162,4.654,0.2449,4.7181,1.9,4.5837,4.7085,1.8055,0.5916,0.6,0.7616,0.6481,4.3394,0.9592,4.7937,1.5906,1.3416,4.3566,4.6957,1.1576,0.728,4.3012,2.1772,0.7416,2.0075,0.3873,0.6481,1.456,1.2166,1.0149,2.0736,0.728,0.6,2.0125,4.8683,0.9487,4.2308,0.8124,1.49,0,2.2672,1.0677,4.6054,4.9336,4.5629,4.6904,0.7348],[1.5684,2.8723,2.4556,0.6708,2.5942,2.6038,2.7386,2.5159,3.873,0.4359,0.3464,2.7185,0.6708,1.7176,2.0421,1.2247,2.3173,1.6763,1.0909,3.3,2.4556,3.0757,0.7937,2.6851,1.2288,2.2891,3.1906,2.4536,1.6733,1.5297,0.8367,0.1414,2.6363,2.5475,2.6495,2.276,2.8948,0.4359,2.6851,2.5788,0.5099,1.7349,2.5495,2.3958,1.7664,2.377,1.6553,2.8107,0.755,1.1225,2.5729,2.6439,1.5362,1.7748,2.2847,0.6,1.7176,0.2646,2.0664,2.7313,1.1225,3.2156,1.4933,0.6164,2.5593,2.5495,4.0012,2.7713,2.832,2.3917,1.5811,1.01,2.2672,0,1.49,2.5159,2.6944