{"D": {"O_SurfaceTemperature": [[0.0, 1003.5431766717079, 1041.329401837417, 451.7612204715967, 350.4854754279247, 540.6107972614147, 1305.4992845332613, 21.021783571628138, 532.6010177633158, 722.5314731107309, 1009.9859965944944, 69.16992910913187], [1003.5431766717079, 0.0, 52.976984536121606, 1454.2093505464607, 654.24584131709, 464.10059371450876, 305.4927640694872, 1001.6854543723945, 471.72708072940685, 281.7960840053175, 31.047044238735143, 942.1327442461406], [1041.329401837417, 52.976984536121606, 0.0, 1492.276893207721, 692.6391996079672, 502.1365916407618, 268.07754765105574, 1039.9107539629845, 510.5016955559842, 319.8490721546082, 37.615856616525335, 980.1679372343834], [451.7612204715967, 1454.2093505464607, 1492.276893207721, 0.0, 800.3434164904573, 991.0527628015886, 1756.482443775173, 453.0446242061191, 982.9603185420372, 1173.3639874023124, 1460.8258852262927, 512.7652120320536], [350.4854754279247, 654.24584131709, 692.6391996079672, 800.3434164904573, 0.0, 191.80270004554868, 956.7850951937402, 348.1047235218656, 182.84194813020116, 373.3762299431562, 660.9841920025144, 288.37488449431766], [540.6107972614147, 464.10059371450876, 502.1365916407618, 991.0527628015886, 191.80270004554868, 0.0, 766.8345302744066, 539.0927367405761, 24.7431180880168, 183.70681407328325, 470.81155969458433, 479.2421221534822], [1305.4992845332613, 305.4927640694872, 268.07754765105574, 1756.482443775173, 956.7850951937402, 766.8345302744066, 0.0, 1303.869787933905, 774.4758352151057, 584.1196068126709, 298.66499808724313, 1244.4754579889182], [21.021783571628138, 1001.6854543723945, 1039.9107539629845, 453.0446242061191, 348.1047235218656, 539.0927367405761, 1303.869787933905, 0.0, 530.4820568818542, 720.8308132136045, 1008.347807076979, 64.44080449827221], [532.6010177633158, 471.72708072940685, 510.5016955559842, 982.9603185420372, 182.84194813020116, 24.7431180880168, 774.4758352151057, 530.4820568818542, 0.0, 191.13125891694975, 478.72907768795795, 470.7973195091234], [722.5314731107309, 281.7960840053175, 319.8490721546082, 1173.3639874023124, 373.3762299431562, 183.70681407328325, 584.1196068126709, 720.8308132136045, 191.13125891694975, 0.0, 288.3059375444194, 661.1848594868487], [1009.9859965944944, 31.047044238735143, 37.615856616525335, 1460.8258852262927, 660.9841920025144, 470.81155969458433, 298.66499808724313, 1008.347807076979, 478.72907768795795, 288.3059375444194, 0.0, 948.5717247610559], [69.16992910913187, 942.1327442461406, 980.1679372343834, 512.7652120320536, 288.37488449431766, 479.2421221534822, 1244.4754579889182, 64.44080449827221, 470.7973195091234, 661.1848594868487, 948.5717247610559, 0.0]], "O_Windspeed": [[0.0, 21.730851228176462, 80.32373630156201, 26.936978719103774, 15.224426797722133, 15.442235695063987, 21.570667595855756, 55.96274885205908, 54.83932406820761, 55.72301380534629, 63.519309755009694, 54.00147320860697], [21.730851228176462, 0.0, 100.47359568701165, 48.417555404742664, 12.964674723450862, 7.316419111626803, 35.08792876894884, 72.3022352783096, 71.98553909893977, 75.60716270065507, 82.895572992688, 69.02634545655643], [80.32373630156201, 100.47359568701165, 0.0, 56.649239216653704, 92.22371890181945, 95.01469363783933, 76.44061690756031, 59.96704545220598, 61.935187183613074, 29.396497649285784, 29.744752333165554, 59.63560196945946], [26.936978719103774, 48.417555404742664, 56.649239216653704, 0.0, 40.07505923056921, 42.07624213272976, 28.321778687669145, 43.79402922963234, 38.964541250177355, 34.250017205783706, 42.4748128010548, 42.77060104347919], [15.224426797722133, 12.964674723450862, 92.22371890181945, 40.07505923056921, 0.0, 9.88001515245609, 22.680688583673675, 62.68310042521215, 65.30932731333901, 67.20311538645275, 74.5122972910406, 62.368871582543555], [15.442235695063987, 7.316419111626803, 95.01469363783933, 42.07624213272976, 9.88001515245609, 0.0, 30.259763535000207, 67.03224601216428, 65.54253588537298, 70.1706814400819, 77.6227949645707, 64.7670598047586], [21.570667595855756, 35.08792876894884, 76.44061690756031, 28.321778687669145, 22.680688583673675, 30.259763535000207, 0.0, 48.957802794665724, 54.13175904605291, 52.402670007711684, 59.45793538687944, 51.95898552323201], [55.96274885205908, 72.3022352783096, 59.96704545220598, 43.79402922963234, 62.68310042521215, 67.03224601216428, 48.957802794665724, 0.0, 57.73874342499916, 41.95769181337796, 44.39122079626686, 47.9122770594946], [54.83932406820761, 71.98553909893977, 61.935187183613074, 38.964541250177355, 65.30932731333901, 65.54253588537298, 54.13175904605291, 57.73874342499916, 0.0, 50.19429669136896, 55.774715198907394, 56.98407205286795], [55.72301380534629, 75.60716270065507, 29.396497649285784, 34.250017205783706, 67.20311538645275, 70.1706814400819, 52.402670007711684, 41.95769181337796, 50.19429669136896, 0.0, 12.130659827111518, 39.23203003693731], [63.519309755009694, 82.895572992688, 29.744752333165554, 42.4748128010548, 74.5122972910406, 77.6227949645707, 59.45793538687944, 44.39122079626686, 55.774715198907394, 12.130659827111518, 0.0, 36.316705820382765], [54.00147320860697, 69.02634545655643, 59.63560196945946, 42.77060104347919, 62.368871582543555, 64.7670598047586, 51.95898552323201, 47.9122770594946, 56.98407205286795, 39.23203003693731, 36.316705820382765, 0.0]], "O_AirTemperature": [[0.0, 1075.8102521348262, 1070.3757363432255, 491.9950102577278, 280.0202545663421, 569.5233925793589, 1435.9609080573935, 51.38612948140664, 469.66143627033136, 675.3661347461419, 1053.8135385646929, 40.665852950205256], [1075.8102521348262, 0.0, 14.81762139453037, 1567.6432191359806, 796.8483882641717, 507.4219296871037, 362.3420128407077, 1120.9188860610534, 606.8743533556764, 401.54072746268406, 24.896929021651687, 1042.8064916012463], [1070.3757363432255, 14.81762139453037, 0.0, 1562.1344472654735, 791.1795465390844, 502.4464396961057, 366.9024401408806, 1115.2603733550388, 601.1262984173618, 395.5331330584674, 17.616796701347226, 1037.2646615740716], [491.9950102577278, 1567.6432191359806, 1562.1344472654735, 0.0, 771.0872298085288, 1061.4589880323329, 1927.6506421493943, 447.15173165398625, 961.1069596224828, 1166.8922144329204, 1545.5694383239843, 525.132278781945], [280.0202545663421, 796.8483882641717, 791.1795465390844, 771.0872298085288, 0.0, 293.1495108556461, 1156.8827280251453, 324.12455222696946, 190.08762291123264, 395.86209722817887, 774.6643340878419, 246.53606056910465], [569.5233925793589, 507.4219296871037, 502.4464396961057, 1061.4589880323329, 293.1495108556461, 0.0, 867.798539830459, 615.7590196643492, 108.3961718251118, 115.00097941318424, 485.8527450297936, 537.6649938470713], [1435.9609080573935, 362.3420128407077, 366.9024401408806, 1927.6506421493943, 1156.8827280251453, 867.798539830459, 0.0, 1480.7938367308973, 966.8616958856089, 761.208995210801, 383.69412476753973, 1402.9982220715917], [51.38612948140664, 1120.9188860610534, 1115.2603733550388, 447.15173165398625, 324.12455222696946, 615.7590196643492, 1480.7938367308973, 0.0, 514.1481525763829, 719.9001134022038, 1098.733645559669, 79.65073944912797], [469.66143627033136, 606.8743533556764, 601.1262984173618, 961.1069596224828, 190.08762291123264, 108.3961718251118, 966.8616958856089, 514.1481525763829, 0.0, 205.8321877544181, 584.6327088638342, 436.3720817504435], [675.3661347461419, 401.54072746268406, 395.5331330584674, 1166.8922144329204, 395.86209722817887, 115.00097941318424, 761.208995210801, 719.9001134022038, 205.8321877544181, 0.0, 379.1771146194579, 642.1856010047993], [1053.8135385646929, 24.896929021651687, 17.616796701347226, 1545.5694383239843, 774.6643340878419, 485.8527450297936, 383.69412476753973, 1098.733645559669, 584.6327088638342, 379.1771146194579, 0.0, 1020.6544557397178], [40.665852950205256, 1042.8064916012463, 1037.2646615740716, 525.132278781945, 246.53606056910465, 537.6649938470713, 1402.9982220715917, 79.65073944912797, 436.3720817504435, 642.1856010047993, 1020.6544557397178, 0.0]], "O_Humidity": [[0.0, 2071.747296652228, 1890.4881024468743, 1475.1256559180538, 529.5338567255442, 363.8958220337768, 4070.2279748864144, 194.36321296838767, 774.0437240798011, 344.64111394677656, 2061.2068327099955, 214.06149477120107], [2071.747296652228, 0.0, 296.63767368660797, 3504.9094574240057, 1547.1644458462124, 1714.6783445692397, 2369.963051510652, 2005.882831929664, 1306.7062697486576, 2131.6901375294547, 294.81660339662324, 2216.738807177723], [1890.4881024468743, 296.63767368660797, 0.0, 3318.324361242985, 1369.62127364442, 1538.3073611017126, 2512.1294098769927, 1828.0270664630473, 1134.5273630966392, 1938.152062548006, 228.9209631653465, 2039.3112590336177], [1475.1256559180538, 3504.9094574240057, 3318.324361242985, 0.0, 1983.2792585871985, 1832.9554230969304, 5473.298053603458, 1512.224404774899, 2228.9331810798094, 1383.729348269859, 3490.5744386710994, 1314.2878903502656], [529.5338567255442, 1547.1644458462124, 1369.62127364442, 1983.2792585871985, 0.0, 184.945653902773, 3594.1110102781167, 484.1844522237819, 248.32743913894123, 659.5580082347597, 1546.075689324984, 679.9915434815767], [363.8958220337768, 1714.6783445692397, 1538.3073611017126, 1832.9554230969304, 184.945653902773, 0.0, 3731.1293532055483, 362.75354927026206, 417.72456079925524, 556.0206989050571, 1709.8205615640713, 533.0272430538081], [4070.2279748864144, 2369.963051510652, 2512.1294098769927, 5473.298053603458, 3594.1110102781167, 3731.1293532055483, 0.0, 4041.7925405314027, 3361.243127087045, 4187.600250266639, 2405.6410033129077, 4206.649451576427], [194.36321296838767, 2005.882831929664, 1828.0270664630473, 1512.224404774899, 484.1844522237819, 362.75354927026206, 4041.7925405314027, 0.0, 724.4054993685224, 277.8691365536441, 2005.9811525166954, 236.1387303623364], [774.0437240798011, 1306.7062697486576, 1134.5273630966392, 2228.9331810798094, 248.32743913894123, 417.72456079925524, 3361.243127087045, 724.4054993685224, 0.0, 892.686493433212, 1313.547773751664, 922.5566033871345], [344.64111394677656, 2131.6901375294547, 1938.152062548006, 1383.729348269859, 659.5580082347597, 556.0206989050571, 4187.600250266639, 277.8691365536441, 892.686493433212, 0.0, 2109.556804717725, 313.976353495447], [2061.2068327099955, 294.81660339662324, 228.9209631653465, 3490.5744386710994, 1546.075689324984, 1709.8205615640713, 2405.6410033129077, 2005.9811525166954, 1313.547773751664, 2109.556804717725, 0.0, 2217.017869096409], [214.06149477120107, 2216.738807177723, 2039.3112590336177, 1314.2878903502656, 679.9915434815767, 533.0272430538081, 4206.649451576427, 236.1387303623364, 922.5566033871345, 313.976353495447, 2217.017869096409, 0.0]], "I_TAir": [[0.0, 158.9451477711729, 154.65566914924264, 66.23946406788026, 50.67918704951767, 69.27625855948054, 192.17367145371395, 19.309324172533852, 78.73163277869956, 104.53688344311782, 150.33981508569178, 21.372178176311373], [158.9451477711729, 0.0, 9.461289552698407, 219.7134283561203, 110.89229008366632, 93.69770541480725, 36.317764248367496, 150.46105808480812, 82.5430190870191, 56.14463465016048, 15.768956845650889, 152.09710713882757], [154.65566914924264, 9.461289552698407, 0.0, 216.1355856863927, 107.23593614082921, 90.9101974478111, 42.00749933047669, 146.34524932501225, 78.87547147244194, 51.971453702970436, 9.048977842828437, 148.64152178984176], [66.23946406788026, 219.7134283561203, 216.1355856863927, 0.0, 109.1560653376623, 129.58463875012347, 253.54092095754484, 71.1204935303461, 137.68145336246272, 165.9218508816726, 212.11628556053867, 68.1704818818233], [50.67918704951767, 110.89229008366632, 107.23593614082921, 109.1560653376623, 0.0, 28.01999286224035, 145.06260717359248, 40.14635724446243, 29.065959471519253, 57.02262708784996, 103.65703063468489, 41.88329022414548], [69.27625855948054, 93.69770541480725, 90.9101974478111, 129.58463875012347, 28.01999286224035, 0.0, 125.29900239028242, 63.58922864762554, 26.90669061776271, 43.77990406567835, 87.24712029631695, 62.27094025305865], [192.17367145371395, 36.317764248367496, 42.00749933047669, 253.54092095754484, 145.06260717359248, 125.29900239028242, 0.0, 184.7073631450571, 117.37653087393578, 90.20465619911204, 46.73478361991205, 185.71556208352598], [19.309324172533852, 150.46105808480812, 146.34524932501225, 71.1204935303461, 40.14635724446243, 63.58922864762554, 184.7073631450571, 0.0, 68.3760191880165, 95.9064648498734, 142.49726313161247, 14.447145046686561], [78.73163277869956, 82.5430190870191, 78.87547147244194, 137.68145336246272, 29.065959471519253, 26.90669061776271, 117.37653087393578, 68.3760191880165, 0.0, 30.126566349320328, 75.61554073072546, 70.62365042958344], [104.53688344311782, 56.14463465016048, 51.971453702970436, 165.9218508816726, 57.02262708784996, 43.77990406567835, 90.20465619911204, 95.9064648498734, 30.126566349320328, 0.0, 49.78112091948112, 98.42514922518532], [150.33981508569178, 15.768956845650889, 9.048977842828437, 212.11628556053867, 103.65703063468489, 87.24712029631695, 46.73478361991205, 142.49726313161247, 75.61554073072546, 49.78112091948112, 0.0, 144.8727372558412], [21.372178176311373, 152.09710713882757, 148.64152178984176, 68.1704818818233, 41.88329022414548, 62.27094025305865, 185.71556208352598, 14.447145046686561, 70.62365042958344, 98.42514922518532, 144.8727372558412, 0.0]], "I_Qrel": [[0.0, 172.3223723142181, 95.12097560475291, 206.81150838384212, 98.03060746521976, 99.69453345093702, 147.7430201397007, 85.246700815926, 130.13070352534024, 91.64605828948673, 120.3204055844228, 81.19113252073775], [172.3223723142181, 0.0, 84.70537173048709, 332.5838240203513, 99.13122616007531, 202.98275788844725, 37.64306044943742, 187.29121709252678, 51.42956348249516, 214.47144332055026, 65.98484674529449, 180.208212909401], [95.12097560475291, 84.70537173048709, 0.0, 255.54060342732228, 38.34057902536163, 131.0686842842332, 64.1404708432983, 112.70758625753636, 41.52107898405339, 134.2646640036015, 39.8622628559895, 104.25929215182693], [206.81150838384212, 332.5838240203513, 255.54060342732228, 0.0, 248.28813906427348, 168.1844225842572, 316.92112583417344, 174.63676588851501, 285.31210980258095, 134.86289333986574, 275.18720900506986, 160.93787621315252], [98.03060746521976, 99.13122616007531, 38.34057902536163, 248.28813906427348, 0.0, 107.81929326423912, 86.22064717919949, 91.04394543296111, 57.879184513951124, 130.4645545732633, 42.649736224272246, 91.46584061823299], [99.69453345093702, 202.98275788844725, 131.0686842842332, 168.1844225842572, 107.81929326423912, 0.0, 189.59166648352453, 34.49637662132068, 158.98742088605627, 90.86253353280438, 141.28694207179942, 52.79204485526205], [147.7430201397007, 37.64306044943742, 64.1404708432983, 316.92112583417344, 86.22064717919949, 189.59166648352453, 0.0, 172.02616080119907, 41.44876355212541, 195.34328757344082, 57.19265687131522, 165.83726963502505], [85.246700815926, 187.29121709252678, 112.70758625753636, 174.63676588851501, 91.04394543296111, 34.49637662132068, 172.02616080119907, 0.0, 141.16302632063397, 76.6550715869472, 125.78553175941977, 41.86884283091664], [130.13070352534024, 51.42956348249516, 41.52107898405339, 285.31210980258095, 57.879184513951124, 158.98742088605627, 41.44876355212541, 141.16302632063397, 0.0, 167.16758058906038, 30.4138126514911, 133.76098085764772], [91.64605828948673, 214.47144332055026, 134.2646640036015, 134.86289333986574, 130.4645545732633, 90.86253353280438, 195.34328757344082, 76.6550715869472, 167.16758058906038, 0.0, 160.50545162080945, 62.39390995922599], [120.3204055844228, 65.98484674529449, 39.8622628559895, 275.18720900506986, 42.649736224272246, 141.28694207179942, 57.19265687131522, 125.78553175941977, 30.4138126514911, 160.50545162080945, 0.0, 120.07081243999309], [81.19113252073775, 180.208212909401, 104.25929215182693, 160.93787621315252, 91.46584061823299, 52.79204485526205, 165.83726963502505, 41.86884283091664, 133.76098085764772, 62.39390995922599, 120.07081243999309, 0.0]], "I_Wind": [[0.0, 0.6223016462847784, 3.250446393054056, 1.0027371844016282, 1.7433850783527527, 0.4081344454442334, 2.602568640196037, 4.598093209350017, 3.1419655960072284, 2.179972879914708, 2.5727428230757665, 2.8634466709008337], [0.6223016462847784, 0.0, 3.8000673341763993, 1.6242874049649447, 1.1920525428086792, 0.2681070593649916, 2.085803075103143, 3.9803383647280586, 3.7124030705827646, 2.6136737089655258, 2.932956635196586, 3.0095791579906783], [3.250446393054056, 3.8000673341763993, 0.0, 2.399018117883122, 4.9827469166471605, 3.650615478653345, 5.852932343535093, 7.682207030051057, 3.0110655299405016, 1.4442556447568662, 1.6282354183279428, 2.700971683809723], [1.0027371844016282, 1.6242874049649447, 2.399018117883122, 0.0, 2.7117805788264957, 1.4011741920935539, 3.5299056504622244, 5.599804176062948, 2.320188069471608, 1.6803043909134112, 2.1859124755647215, 2.8445557493547713], [1.7433850783527527, 1.1920525428086792, 4.9827469166471605, 2.7117805788264957, 0.0, 1.3365575043810993, 0.9020685480979586, 2.961293218955927, 4.496535842425009, 3.8000000000000003, 4.093728789619006, 4.029207669966215], [0.4081344454442334, 0.2681070593649916, 3.650615478653345, 1.4011741920935539, 1.3365575043810993, 0.0, 2.2039831980661084, 4.199686699353, 3.446565530033258, 2.5320056557124095, 2.890300908484804, 3.064456332103277], [2.602568640196037, 2.085803075103143, 5.852932343535093, 3.5299056504622244, 0.9020685480979586, 2.2039831980661084, 0.0, 2.4387767402635783, 5.0886656226143145, 4.698512664077501, 4.9957286267960335, 4.902038355087604], [4.598093209350017, 3.9803383647280586, 7.682207030051057, 5.599804176062948, 2.961293218955927, 4.199686699353, 2.4387767402635783, 0.0, 7.447854709876548, 6.3305042664562805, 6.46389198750204, 5.977457653551383], [3.1419655960072284, 3.7124030705827646, 3.0110655299405016, 2.320188069471608, 4.496535842425009, 3.446565530033258, 5.0886656226143145, 7.447854709876548, 0.0, 3.4028473836923805, 3.9136941276456905, 4.865454689348582], [2.179972879914708, 2.6136737089655258, 1.4442556447568662, 1.6803043909134112, 3.8000000000000003, 2.5320056557124095, 4.698512664077501, 6.3305042664562805, 3.4028473836923805, 0.0, 0.531688103042481, 1.4993568024557455], [2.5727428230757665, 2.932956635196586, 1.6282354183279428, 2.1859124755647215, 4.093728789619006, 2.890300908484804, 4.9957286267960335, 6.46389198750204, 3.9136941276456905, 0.531688103042481, 0.0, 1.0893141986804715], [2.8634466709008337, 3.0095791579906783, 2.700971683809723, 2.8445557493547713, 4.029207669966215, 3.064456332103277, 4.902038355087604, 5.977457653551383, 4.865454689348582, 1.4993568024557455, 1.0893141986804715, 0.0]]}, "rownames": {"O_SurfaceTemperature": [" - Test", "Vienna - Summer - Scenario 1", "Vienna - Summer - Scenario 2", "Vienna - Winter", "Vienna - Autumn", "Vienna - Spring", "Helsinki - Winter", "Helsinki - Summer", "Helsinki - Autumn", "Helsinki - Spring", "Gothenburg - Winter", "Gothenburg - Summer"], "O_Windspeed": [" - Test", "Vienna - Summer - Scenario 1", "Vienna - Summer - Scenario 2", "Vienna - Winter", "Vienna - Autumn", "Vienna - Spring", "Helsinki - Winter", "Helsinki - Summer", "Helsinki - Autumn", "Helsinki - Spring", "Gothenburg - Winter", "Gothenburg - Summer"], "O_AirTemperature": [" - Test", "Vienna - Summer - Scenario 1", "Vienna - Summer - Scenario 2", "Vienna - Winter", "Vienna - Autumn", "Vienna - Spring", "Helsinki - Winter", "Helsinki - Summer", "Helsinki - Autumn", "Helsinki - Spring", "Gothenburg - Winter", "Gothenburg - Summer"], "O_Humidity": [" - Test", "Vienna - Summer - Scenario 1", "Vienna - Summer - Scenario 2", "Vienna - Winter", "Vienna - Autumn", "Vienna - Spring", "Helsinki - Winter", "Helsinki - Summer", "Helsinki - Autumn", "Helsinki - Spring", "Gothenburg - Winter", "Gothenburg - Summer"], "I_TAir": [" - Test", "Vienna - Summer - Scenario 1", "Vienna - Summer - Scenario 2", "Vienna - Winter", "Vienna - Autumn", "Vienna - Spring", "Helsinki - Winter", "Helsinki - Summer", "Helsinki - Autumn", "Helsinki - Spring", "Gothenburg - Winter", "Gothenburg - Summer"], "I_Qrel": [" - Test", "Vienna - Summer - Scenario 1", "Vienna - Summer - Scenario 2", "Vienna - Winter", "Vienna - Autumn", "Vienna - Spring", "Helsinki - Winter", "Helsinki - Summer", "Helsinki - Autumn", "Helsinki - Spring", "Gothenburg - Winter", "Gothenburg - Summer"], "I_Wind": [" - Test", "Vienna - Summer - Scenario 1", "Vienna - Summer - Scenario 2", "Vienna - Winter", "Vienna - Autumn", "Vienna - Spring", "Helsinki - Winter", "Helsinki - Summer", "Helsinki - Autumn", "Helsinki - Spring", "Gothenburg - Winter", "Gothenburg - Summer"]}, "leafs": {"space": {"O_SurfaceTemperature": [[[23.201777, 23.220369, 23.239149, 23.268061, 23.297457, 23.321802, 23.342739, 23.352785, 23.366768, 23.36698, 23.355171, 23.376751, 23.404493, 23.42655, 23.460997, 23.472963, 23.497194, 23.512938, 23.50993, 23.505602, 23.49859, 23.487398, 23.476406, 23.476322, 23.480434, 23.486591, 23.489351, 23.483862, 23.474457, 23.470001, 23.436954, 23.435822, 23.405991, 23.388178, 23.37174, 24.583677, 25.129311, 25.361347, 25.390663, 25.382454, 25.371305, 25.342869, 25.323298, 25.283331, 25.271008, 25.257374], [22.717306, 22.693264, 22.640705, 22.6329, 22.655125, 22.726814, 22.773632, 22.781174, 22.814287, 22.791388, 22.79192, 22.786051, 22.799091, 22.817324, 22.863361, 22.914196, 22.94087, 22.962645, 22.972383, 22.990822, 23.007368, 23.008125, 23.020914, 23.022635, 23.041742, 23.055166, 23.069403, 23.067387, 23.070728, 23.077417, 23.0994, 23.068327, 23.062269, 23.017033, 22.943274, 22.835501, 22.774685, 23.886263, 24.422615, 24.490398, 24.487164, 24.510023, 24.684361, 24.946829, 25.182747, 25.26922], [22.623653, 22.624989, 22.617599, 22.626581, 22.679253, 22.775656, 22.827293, 22.817816, 22.834564, 22.821829, 22.783955, 22.765173, 22.768562, 22.805962, 22.897879, 22.938978, 22.971453, 22.998379, 23.015755, 23.035942, 23.049566, 23.069334, 23.084404, 23.097704, 23.109449, 23.115454, 23.137941, 23.15449, 23.167408, 23.164635, 23.158428, 23.165371, 23.075554, 22.99934, 22.874849, 22.773771, 22.723009, 22.714994, 22.737898, 24.136799, 24.448219, 24.421246, 24.519157, 24.862371, 25.172094, 25.271637], [22.675068, 22.678526, 22.66905, 22.694168, 22.841928, 22.982956, 23.041401, 23.047422, 23.02268, 22.988983, 22.924105, 22.867222, 22.842413, 22.943106, 23.03516, 23.07815, 23.11153, 23.136402, 23.159922, 23.182354, 23.203543, 23.222614, 23.237341, 23.253136, 23.267353, 23.280161, 23.292492, 23.304136, 23.32551, 23.344246, 23.3444, 23.348017, 23.357552, 23.179811, 23.019176, 22.89562, 22.823555, 22.8092, 22.931656, 23.057932, 23.101858, 24.756008, 24.532715, 24.903585, 25.218107, 25.306368], [22.921246, 22.983418, 23.199621, 23.802769, 19.85, 19.85, 19.85, 19.85, 23.933096, 23.579046, 23.435295, 23.56867, 24.088774, 19.85, 19.85, 19.85, 19.85, 19.85, 19.85, 19.85, 19.85, 19.85, 19.85, 19.85, 19.85, 19.85, 19.85, 19.85, 19.85, 19.85, 19.85, 19.85, 19.85, 23.584141, 23.322933, 23.237852, 23.404438, 23.967663, 19.85, 19.85, 19.85, 19.85, 25.19766, 25.269714, 25.30315, 25.303377], [23.352108, 23.502134, 23.786051, 24.162483, 19.85, 19.85, 19.85, 19.85, 23.652731, 23.609388, 23.744255, 23.91622, 24.206026, 19.85, 19.85, 19.85, 19.85, 19.85, 19.85, 19.85, 19.85, 19.85, 19.85, 19.85, 19.85, 19.85, 19.85, 19.85, 19.85, 19.85, 19.85, 19.85, 19.85, 24.057556, 23.43383, 23.432314, 23.858847, 23.954531, 19.85, 19.85, 19.85, 19.85, 25.862471, 25.410164, 25.252739, 25.23424], [23.633245, 23.606941, 23.727316, 24.230164, 19.85, 19.85, 19.85, 19.85, 23.597342, 23.612341, 23.780836, 23.878929, 24.090437, 19.85, 19.85, 19.85, 19.85, 19.85, 19.85, 19.85, 19.85, 19.85, 19.85, 19.85, 19.85, 19.85, 19.85, 19.85, 19.85, 19.85, 19.85, 19.85, 19.85, 25.003229, 25.244619, 24.030087, 23.800444, 23.983318, 19.85, 19.85, 19.85, 19.85, 25.715029, 25.281548, 25.136656, 25.165546], [23.806875, 23.870007, 23.864208, 24.053509, 19.85, 19.85, 19.85, 19.85, 23.458963, 23.58728, 23.909512, 23.751001, 24.007917, 19.85, 19.85, 19.85, 19.85, 19.85, 19.85, 19.85, 19.85, 19.85, 19.85, 19.85, 19.85, 19.85, 19.85, 19.85, 19.85, 19.85, 19.85, 19.85, 19.85, 24.474676, 24.996105, 25.7617, 25.831005, 23.651825, 19.85, 19.85, 19.85, 19.85, 25.031845, 24.952715, 25.016115, 25.09955], [23.49231, 23.472818, 23.354729, 23.290554, 23.307142, 23.298561, 23.297552, 23.260429, 23.130424, 23.269428, 23.310509, 23.227495, 23.17576, 23.21155, 23.192728, 23.219893, 23.224489, 23.228888, 23.231672, 23.22986, 23.23279, 23.22669, 23.232563, 23.252703, 23.276749, 23.308447, 23.335617, 23.347149, 23.366835, 23.397051, 23.397449, 23.358328, 23.26897, 23.039383, 23.148355, 24.287447, 24.5427, 24.548929, 24.503773, 24.405289, 24.328575, 24.21763, 24.246256, 24.623817, 24.956612, 25.133072], [23.309732, 23.298859, 23.246681, 23.215088, 23.23982, 23.276585, 23.271946, 23.227243, 23.182322, 23.244122, 23.265131, 23.243458, 23.221704, 23.263639, 23.275137, 23.300455, 23.265053, 23.27865, 23.273052, 23.276531, 23.264072, 23.27803, 23.265642, 23.2481, 23.257023, 23.245779, 23.241701, 23.22381, 23.20199, 23.172443, 23.148222, 23.075226, 23.016659, 22.935253, 22.93672, 22.872406, 22.772684, 23.767015, 24.17288, 24.151686, 24.042933, 23.966917, 24.11491, 24.549603, 25.02622, 25.203367], [23.233553, 23.272205, 23.257517, 23.252186, 23.300859, 23.321924, 23.312803, 23.281246, 23.249819, 23.265022, 23.305283, 23.287382, 23.286547, 23.332458, 23.370985, 23.396927, 23.40522, 23.385485, 23.372814, 23.379412, 23.394573, 23.425728, 23.47237, 23.504297, 23.534197, 23.528429, 23.511284, 23.450811, 23.386986, 23.306629, 23.216911, 23.120913, 22.997648, 22.920759, 22.895433, 22.88641, 22.841497, 22.803705, 22.813749, 24.048279, 24.190142, 24.046955, 24.00069, 24.364527, 24.950996, 25.259157], [23.267855, 23.310215, 23.285587, 23.291988, 23.448902, 23.562767, 23.601839, 23.580334, 23.533951, 23.536142, 23.503468, 23.42042, 23.390232, 23.48658, 23.583128, 23.612202, 23.645594, 23.649649, 23.647308, 23.635986, 23.637344, 23.637087, 23.644548, 23.642872, 23.62879, 23.609007, 23.594358, 23.565565, 23.539413, 23.505415, 23.448278, 23.41996, 23.412319, 23.293766, 23.203341, 23.144619, 23.089352, 23.117714, 23.256138, 23.352045, 23.274157, 24.602985, 24.01391, 24.376844, 25.025206, 25.432093], [23.518383, 23.628332, 23.829472, 24.265644, 19.85, 19.85, 19.85, 19.85, 24.444544, 24.100273, 23.947868, 24.031483, 24.441135, 19.85, 19.85, 19.85, 19.85, 19.85, 19.85, 19.85, 19.85, 19.85, 19.85, 19.85, 19.85, 19.85, 19.85, 19.85, 19.85, 19.85, 19.85, 19.85, 19.85, 23.76926, 23.584181, 23.538004, 23.721243, 24.306908, 19.85, 19.85, 19.85, 19.85, 24.272446, 24.513432, 25.032984, 25.427889], [23.910215, 24.01396, 24.136284, 23.999706, 19.85, 19.85, 19.85, 19.85, 24.130426, 24.089689, 24.075459, 24.314823, 24.111521, 19.85, 19.85, 19.85, 19.85, 19.85, 19.85, 19.85, 19.85, 19.85, 19.85, 19.85, 19.85, 19.85, 19.85, 19.85, 19.85, 19.85, 19.85, 19.85, 19.85, 23.438063, 23.493525, 23.686592, 24.117695, 24.120943, 19.85, 19.85, 19.85, 19.85, 24.52313, 24.628508, 25.040289, 25.356817], [24.048084, 23.974236, 23.926764, 24.135929, 19.85, 19.85, 19.85, 19.85, 24.070442, 24.061523, 24.043169, 24.247452, 24.163746, 19.85, 19.85, 19.85, 19.85, 19.85, 19.85, 19.85, 19.85, 19.85, 19.85, 19.85, 19.85, 19.85, 19.85, 19.85, 19.85, 19.85, 19.85, 19.85, 19.85, 23.423153, 23.48455, 23.651737, 24.044077, 24.154364, 19.85, 19.85, 19.85, 19.85, 24.731392, 24.793379, 25.080938, 25.29464], [23.92322, 23.829237, 23.957487, 24.14205, 19.85, 19.85, 19.85, 19.85, 24.094273, 24.102589, 24.101297, 24.286253, 24.356066, 19.85, 19.85, 19.85, 19.85, 19.85, 19.85, 19.85, 19.85, 19.85, 19.85, 19.85, 19.85, 19.85, 19.85, 19.85, 19.85, 19.85, 19.85, 19.85, 19.85, 23.480106, 23.54488, 23.711155, 24.059052, 24.174625, 19.85, 19.85, 19.85, 19.85, 24.960121, 24.966391, 25.157228, 25.247952], [23.86548, 23.872208, 23.972378, 24.14027, 19.85, 19.85, 19.85, 19.85, 24.175673, 24.157085, 24.127766, 24.296061, 24.48974, 19.85, 19.85, 19.85, 19.85, 24.22541, 24.184437, 24.196638, 19.85, 19.85, 24.211893, 24.479824, 24.379152, 24.297144, 24.32453, 24.373446, 24.123451, 19.85, 19.85, 19.85, 19.85, 23.58642, 23.63625, 23.75852, 24.053635, 24.367294, 19.85, 19.85, 19.85, 19.85, 25.199175, 25.156021, 25.226057, 25.255154], [23.865652, 23.848326, 23.996143, 24.132641, 19.85, 19.85, 19.85, 19.85, 24.246096, 24.224689, 24.168486, 24.328318, 24.481379, 19.85, 19.85, 19.85, 19.85, 24.184587, 24.136646, 24.138615, 19.85, 19.85, 24.314964, 24.605309, 24.575563, 24.471184, 24.330898, 24.253838, 24.083, 19.85, 19.85, 19.85, 19.85, 23.712416, 23.733452, 23.816713, 24.05619, 24.30328, 19.85, 19.85, 19.85, 19.85, 25.463024, 25.328955, 25.28618, 25.269051], [23.860836, 23.89909, 24.015903, 24.141666, 19.85, 19.85, 19.85, 19.85, 24.318037, 24.28529, 24.245476, 24.346769, 24.471329, 19.85, 19.85, 19.85, 19.85, 24.321257, 24.249971, 24.193739, 19.85, 19.85, 24.342381, 24.446772, 19.85, 19.85, 24.480148, 24.454632, 24.451048, 19.85, 19.85, 19.85, 19.85, 23.826998, 23.831408, 23.901321, 24.06959, 24.24865, 19.85, 19.85, 19.85, 19.85, 25.746363, 25.464035, 25.325079, 25.269108], [23.859303, 23.915302, 24.025398, 24.153475, 19.85, 19.85, 19.85, 19.85, 24.386929, 24.343128, 24.285917, 24.368538, 24.476152, 19.85, 19.85, 19.85, 19.85, 24.313255, 24.269724, 24.297913, 19.85, 19.85, 24.366289, 24.358879, 19.85, 19.85, 24.436548, 24.472979, 24.512276, 19.85, 19.85, 19.85, 19.85, 23.941742, 23.900116, 23.955095, 24.090126, 24.238407, 19.85, 19.85, 19.85, 19.85, 25.997982, 25.533379, 25.323141, 25.262388], [23.871042, 23.915173, 24.037373, 24.165598, 19.85, 19.85, 19.85, 19.85, 24.442211, 24.388435, 24.313564, 24.388571, 24.484648, 19.85, 19.85, 19.85, 19.85, 24.343008, 24.330776, 24.361095, 19.85, 19.85, 24.450159, 24.433315, 19.85, 19.85, 19.85, 19.85, 19.85, 19.85, 19.85, 19.85, 19.85, 24.023443, 23.98765, 24.008461, 24.122572, 24.241051, 19.85, 19.85, 19.85, 19.85, 26.03915, 25.516232, 25.30574, 25.263294], [23.904409, 23.933922, 24.059685, 24.176601, 19.85, 19.85, 19.85, 19.85, 24.50967, 24.457647, 24.356573, 24.440401, 24.520517, 19.85, 19.85, 19.85, 19.85, 19.85, 19.85, 19.85, 19.85, 19.85, 19.85, 19.85, 19.85, 19.85, 19.85, 19.85, 19.85, 19.85, 19.85, 19.85, 19.85, 24.108543, 24.073425, 24.061131, 24.177141, 24.2668, 19.85, 19.85, 19.85, 19.85, 25.820812, 25.434925, 25.269274, 25.269983], [23.956608, 23.987106, 24.056677, 24.191507, 19.85, 19.85, 19.85, 19.85, 24.55854, 24.490314, 24.392324, 24.479248, 24.555313, 19.85, 19.85, 19.85, 19.85, 19.85, 19.85, 19.85, 19.85, 19.85, 19.85, 19.85, 19.85, 19.85, 19.85, 19.85, 19.85, 19.85, 19.85, 19.85, 19.85, 24.169329, 24.134562, 24.09375, 24.208294, 24.27659, 19.85, 19.85, 19.85, 19.85, 25.553288, 25.298117, 25.207821, 25.269926], [23.979378, 24.011217, 24.102747, 24.213322, 19.85, 19.85, 19.85, 19.85, 24.638447, 24.576263, 24.4916, 24.561729, 24.641598, 19.85, 19.85, 19.85, 19.85, 19.85, 19.85, 19.85, 19.85, 24.229034, 24.145111, 24.160742, 24.176748, 24.279058, 24.323051, 24.328144, 24.244888, 19.85, 19.85, 19.85, 19.85, 24.237822, 24.195589, 24.152441, 24.248596, 24.295362, 19.85, 19.85, 19.85, 19.85, 25.304991, 25.142601, 25.140009, 25.276098], [24.008972, 24.055229, 24.139086, 24.245409, 19.85, 19.85, 19.85, 19.85, 24.645626, 24.592951, 24.532442, 24.591364, 24.670525, 19.85, 19.85, 19.85, 19.85, 24.410301, 24.334249, 24.315376, 24.294464, 24.353367, 24.335972, 24.2437, 24.267307, 24.258089, 24.232084, 24.242849, 24.234667, 19.85, 19.85, 19.85, 19.85, 24.28356, 24.207472, 24.157055, 24.237688, 24.302832, 19.85, 19.85, 19.85, 19.85, 25.082451, 24.979515, 25.053001, 25.269323], [24.131069, 24.167824, 24.208332, 24.28809, 19.85, 19.85, 19.85, 19.85, 24.567671, 24.466978, 24.407606, 24.517988, 24.545599, 19.85, 19.85, 19.85, 19.85, 24.459755, 24.456478, 24.481913, 24.537918, 24.538656, 24.569832, 24.537922, 24.540749, 24.819448, 24.766981, 24.67905, 24.415855, 19.85, 19.85, 19.85, 19.85, 24.32416, 24.258926, 24.212347, 24.28686, 24.329308, 19.85, 19.85, 19.85, 19.85, 24.881557, 24.806026, 24.962185, 25.261499], [24.246365, 24.294241, 24.287346, 24.323858, 19.85, 19.85, 19.85, 19.85, 24.169523, 24.367142, 24.379576, 24.43281, 24.493429, 19.85, 19.85, 19.85, 19.85, 24.499371, 24.522196, 24.559576, 24.599911, 24.610224, 24.654232, 24.623398, 24.609549, 24.919781, 24.913095, 24.755388, 24.615459, 19.85, 19.85, 19.85, 19.85, 24.367235, 24.273705, 24.259487, 24.30691, 24.344696, 19.85, 19.85, 19.85, 19.85, 24.689163, 24.639254, 24.860739, 25.261271], [24.243216, 24.256533, 24.307243, 24.347254, 19.85, 19.85, 19.85, 19.85, 24.321465, 24.266985, 24.244175, 24.346886, 24.385937, 19.85, 19.85, 19.85, 19.85, 19.85, 19.85, 19.85, 19.85, 19.85, 19.85, 19.85, 19.85, 19.85, 19.85, 19.85, 19.85, 19.85, 19.85, 19.85, 19.85, 24.432167, 24.299175, 24.250202, 24.314144, 24.357698, 19.85, 19.85, 19.85, 19.85, 24.517221, 24.475605, 24.738964, 25.260193], [24.181032, 24.183184, 24.292007, 24.372133, 19.85, 19.85, 19.85, 19.85, 24.714359, 24.197145, 24.070419, 24.1548, 24.188856, 19.85, 19.85, 19.85, 19.85, 19.85, 19.85, 19.85, 19.85, 19.85, 19.85, 19.85, 19.85, 19.85, 19.85, 19.85, 19.85, 19.85, 19.85, 19.85, 19.85, 25.29269, 24.48317, 24.220793, 24.305861, 24.357002, 19.85, 19.85, 19.85, 19.85, 24.353491, 24.310593, 24.608915, 25.25104], [25.235842, 23.995897, 24.09664, 24.38402, 19.85, 19.85, 19.85, 19.85, 25.592573, 25.382463, 23.99683, 24.001122, 24.017473, 19.85, 19.85, 19.85, 19.85, 19.85, 19.85, 19.85, 19.85, 19.85, 19.85, 19.85, 19.85, 19.85, 19.85, 19.85, 19.85, 19.85, 19.85, 19.85, 19.85, 26.514069, 26.395836, 24.721937, 24.214437, 24.320093, 19.85, 19.85, 19.85, 19.85, 24.182314, 24.142006, 24.475275, 25.20446], [23.748022, 23.806257, 23.832344, 24.04085, 19.85, 19.85, 19.85, 19.85, 24.425642, 24.134922, 23.998522, 23.972677, 24.192583, 19.85, 19.85, 19.85, 19.85, 19.85, 19.85, 19.85, 19.85, 19.85, 19.85, 19.85, 19.85, 19.85, 19.85, 19.85, 19.85, 19.85, 19.85, 19.85, 19.85, 26.409107, 26.325785, 26.353588, 26.333366, 24.203012, 19.85, 19.85, 19.85, 19.85, 23.956009, 23.977867, 24.367064, 25.145168], [23.545254, 23.544146, 23.492344, 23.420979, 23.455164, 23.457249, 23.475107, 23.507086, 23.545853, 23.566298, 23.514402, 23.461878, 23.384745, 23.407259, 23.370169, 23.386667, 23.376041, 23.397078, 23.390017, 23.402109, 23.412823, 23.415636, 23.419523, 23.431803, 23.453167, 23.478691, 23.502634, 23.5261, 23.562441, 23.618086, 24.897837, 25.492443, 25.702583, 25.840954, 26.084465, 26.203197, 26.295755, 26.370243, 25.97765, 25.80847, 25.606016, 24.64843, 23.727743, 23.8598, 24.319452, 25.136971], [23.421333, 23.453918, 23.440569, 23.417168, 23.404236, 23.393782, 23.388706, 23.39378, 23.37756, 23.422968, 23.44747, 23.431263, 23.40863, 23.436874, 23.438654, 23.445564, 23.433947, 23.418606, 23.410669, 23.400892, 23.394188, 23.388454, 23.392969, 23.39266, 23.406164, 23.4167, 23.429899, 23.446278, 23.450848, 23.467056, 23.496851, 23.511837, 25.080656, 25.306955, 25.629267, 25.756336, 25.715023, 25.567259, 25.355473, 24.950281, 24.531059, 24.153147, 23.793182, 23.955557, 24.471487, 25.196522], [23.35428, 23.371553, 23.368553, 23.380024, 23.412779, 23.45973, 23.486481, 23.462822, 23.44562, 23.469439, 23.479328, 23.493986, 23.492809, 23.524258, 23.514145, 23.502899, 23.476519, 23.457058, 23.437933, 23.42317, 23.423166, 23.423382, 23.414185, 23.405134, 23.406216, 23.397312, 23.398314, 23.393188, 23.380836, 23.360367, 23.34409, 23.314993, 23.273918, 24.413572, 24.741619, 24.980055, 25.030672, 24.893921, 24.759712, 24.527042, 24.271925, 24.068119, 23.935539, 24.154604, 24.678318, 25.23584], [23.311649, 23.322447, 23.311804, 23.321938, 23.340038, 23.369715, 23.375301, 23.377916, 23.375767, 23.397966, 23.414061, 23.427492, 23.445049, 23.492088, 23.529215, 23.554811, 23.574696, 23.586447, 23.582485, 23.577311, 23.56208, 23.555759, 23.543831, 23.530222, 23.519165, 23.496367, 23.475761, 23.451941, 23.424154, 23.379278, 23.335508, 23.29191, 23.238918, 23.192419, 23.165201, 24.213734, 24.544695, 24.602503, 24.538548, 24.420897, 24.310488, 24.221497, 24.244825, 24.540747, 25.049532, 25.389713], [23.278353, 23.302235, 23.289452, 23.31217, 23.341248, 23.393057, 23.39323, 23.366322, 23.348019, 23.350082, 23.384212, 23.404736, 23.42907, 23.490101, 23.527163, 23.537943, 23.539354, 23.538862, 23.538305, 23.530684, 23.517225, 23.506117, 23.48954, 23.470665, 23.449135, 23.418545, 23.390329, 23.362976, 23.322828, 23.27989, 23.23074, 23.183809, 23.126041, 23.085402, 23.06097, 23.02914, 22.978344, 23.999947, 24.442728, 24.42951, 24.388687, 24.383772, 24.536015, 24.866137, 25.218092, 25.360949], [23.310091, 23.342066, 23.352592, 23.347218, 23.408459, 23.477705, 23.489386, 23.434015, 23.384979, 23.397806, 23.399645, 23.394648, 23.423433, 23.494583, 23.509251, 23.517307, 23.515652, 23.517614, 23.509752, 23.491602, 23.476925, 23.459749, 23.44713, 23.432228, 23.409687, 23.374622, 23.345932, 23.313917, 23.279276, 23.237762, 23.195787, 23.160084, 23.1045, 23.06645, 23.040676, 23.00713, 22.979162, 22.959333, 22.957523, 24.266989, 24.573015, 24.580458, 24.773994, 25.107895, 25.305044, 25.361959], [23.44376, 23.47377, 23.465471, 23.475361, 23.623859, 23.756403, 23.798944, 23.750736, 23.623318, 23.602322, 23.539787, 23.483183, 23.556887, 23.59885, 23.60512, 23.603046, 23.605377, 23.606983, 23.589226, 23.580797, 23.56642, 23.550322, 23.52548, 23.506422, 23.48505, 23.465837, 23.43898, 23.404465, 23.379913, 23.346039, 23.296967, 23.266214, 23.220062, 23.183912, 23.170534, 23.148331, 23.125734, 23.119829, 23.140373, 23.161848, 23.205515, 24.931261, 24.902676, 25.21225, 25.346498, 25.360735], [23.798721, 23.889793, 24.108616, 24.227345, 19.85, 19.85, 19.85, 19.85, 24.378233, 24.443792, 24.4662, 24.224924, 19.85, 19.85, 19.85, 19.85, 19.85, 19.85, 19.85, 19.85, 19.85, 19.85, 19.85, 19.85, 19.85, 19.85, 19.85, 19.85, 19.85, 19.85, 19.85, 19.85, 19.85, 19.85, 19.85, 19.85, 19.85, 19.85, 19.85, 19.85, 19.85, 19.85, 25.824137, 25.559706, 25.356697, 25.348011], [24.029251, 23.872952, 23.838367, 24.38101, 19.85, 19.85, 19.85, 19.85, 24.469566, 24.090189, 24.158932, 24.447369, 19.85, 19.85, 19.85, 19.85, 19.85, 19.85, 19.85, 19.85, 19.85, 19.85, 19.85, 19.85, 19.85, 19.85, 19.85, 19.85, 19.85, 19.85, 19.85, 19.85, 19.85, 19.85, 19.85, 19.85, 19.85, 19.85, 19.85, 19.85, 19.85, 19.85, 25.81501, 25.358345, 25.18235, 25.238747], [26.189167, 24.57732, 24.113441, 24.418062, 19.85, 19.85, 19.85, 19.85, 25.955826, 24.56144, 24.044182, 24.17597, 19.85, 19.85, 19.85, 19.85, 19.85, 19.85, 19.85, 19.85, 19.85, 19.85, 19.85, 19.85, 19.85, 19.85, 19.85, 19.85, 19.85, 19.85, 19.85, 19.85, 19.85, 19.85, 19.85, 19.85, 19.85, 19.85, 19.85, 19.85, 19.85, 19.85, 25.139313, 24.922888, 24.938484, 25.123589], [25.971533, 26.007826, 26.036438, 24.066128, 19.85, 19.85, 19.85, 19.85, 26.403391, 26.161594, 26.048361, 23.853344, 19.85, 19.85, 19.85, 19.85, 19.85, 19.85, 19.85, 19.85, 19.85, 19.85, 19.85, 19.85, 19.85, 19.85, 19.85, 19.85, 19.85, 19.85, 19.85, 19.85, 19.85, 19.85, 19.85, 19.85, 19.85, 19.85, 19.85, 19.85, 19.85, 19.85, 24.515329, 24.508421, 24.715408, 25.030462], [25.700636, 25.648361, 25.522184, 25.403036, 25.438124, 25.40974, 25.420649, 25.422693, 25.410389, 25.405151, 25.355577, 25.261522, 25.238508, 25.214682, 25.213976, 25.206059, 25.192303, 25.178215, 25.16407, 25.146866, 25.131226, 25.112017, 25.098804, 25.092186, 25.080797, 25.076029, 25.067987, 25.057493, 25.05172, 25.049637, 25.050358, 25.047506, 25.05356, 25.061325, 25.068321, 25.072973, 25.064196, 25.047375, 25.012831, 24.938389, 24.747559, 24.426231, 24.009344, 24.224615, 24.603329, 25.018307], [25.600304, 25.538773, 25.426598, 25.333872, 25.324759, 25.323751, 25.314146, 25.30154, 25.275143, 25.272951, 25.27562, 25.234484, 25.247412, 25.200245, 25.181257, 25.151957, 25.130322, 25.118244, 25.112032, 25.09668, 25.080561, 25.077398, 25.054647, 25.04023, 25.01775, 24.999268, 24.98716, 24.974827, 24.960255, 24.944853, 24.927963, 24.902592, 24.87818, 24.846741, 24.805941, 24.753523, 24.675716, 24.579216, 24.480705, 24.374203, 24.222935, 24.120699, 24.0341, 24.262024, 24.669666, 25.0347