{"D":{"img":[[0,0.0907,0.1184,0.1158,0.0535,0.1246,0.0949,0.0538,0.1249,0.0543,0.09,0.058,0.1173,0.1364,0.0541,0.0767,0.1164,0.1126,0.1208,0.0803,0.1083,0.1517,0.0787,0.113,0.0925,0.0729,0.0873,0.1088,0.0932,0.125,0.0973,0.1119,0.0876,0.108,0.0716,0.113,0.1066,0.1182,0.198,0.0875,0.1097,0.2139,0.1391,0.1074,0.0637,0.1309,0.1256,0.0854,0.0521,0.1436,0.1086,0.1465,0.0819,0.1075,0.0864,0.0719,0.1419,0.092,0.1638,0.0986,0.1387,0.1203,0.1249,0.0976,0.1577,0.0952,0.1494,0.1096,0.1426,0.0873,0.1516,0.1721,0.0912,0.1093,0.0738,0.173,0.1242,0.1124,0.0901,0.1147],[0.0907,0,0.1626,0.1618,0.082,0.1511,0.1208,0.1099,0.1334,0.1175,0.1353,0.1064,0.1414,0.1772,0.1113,0.1205,0.1297,0.1378,0.1465,0.1253,0.1211,0.1643,0.1157,0.1177,0.1224,0.1037,0.1092,0.096,0.1341,0.1149,0.1362,0.1362,0.1259,0.1324,0.1197,0.1072,0.1345,0.151,0.2251,0.1337,0.1371,0.1698,0.1609,0.0997,0.0682,0.1594,0.1626,0.134,0.0979,0.14,0.1649,0.1601,0.1028,0.1709,0.099,0.1301,0.1633,0.1413,0.1594,0.1401,0.1879,0.1664,0.1436,0.1455,0.1663,0.135,0.153,0.1394,0.1647,0.1321,0.1621,0.1825,0.1121,0.1377,0.1052,0.1988,0.1777,0.1437,0.1249,0.1492],[0.1184,0.1626,0,0.0854,0.134,0.1472,0.1508,0.1127,0.1274,0.1092,0.1086,0.113,0.166,0.1543,0.1113,0.1573,0.1138,0.1379,0.1312,0.1166,0.1524,0.0949,0.142,0.1108,0.1745,0.1222,0.1289,0.1349,0.0856,0.1651,0.1214,0.146,0.1484,0.1109,0.1176,0.1319,0.1192,0.1094,0.1548,0.1046,0.1099,0.1678,0.1259,0.1656,0.1267,0.1521,0.1667,0.1184,0.1092,0.1927,0.1338,0.1559,0.1509,0.1301,0.1444,0.1157,0.169,0.0854,0.152,0.134,0.1584,0.1557,0.1604,0.1234,0.1689,0.12,0.1281,0.1296,0.1701,0.1275,0.1251,0.2045,0.1392,0.1625,0.0895,0.1172,0.1159,0.1566,0.1285,0.1405],[0.1158,0.1618,0.0854,0,0.1303,0.1411,0.1345,0.0933,0.1288,0.1162,0.0845,0.0999,0.1604,0.1437,0.0957,0.1487,0.1038,0.1141,0.133,0.0899,0.1552,0.1213,0.1344,0.118,0.1574,0.1138,0.1198,0.1419,0.0812,0.1586,0.1101,0.1501,0.136,0.104,0.0917,0.1224,0.123,0.1261,0.1746,0.1002,0.1218,0.1926,0.1172,0.1475,0.1258,0.1602,0.1377,0.0814,0.1021,0.1933,0.1451,0.1626,0.1621,0.127,0.1361,0.087,0.1769,0.1211,0.1588,0.1081,0.1326,0.1194,0.1625,0.0858,0.1555,0.1209,0.1534,0.116,0.1728,0.1186,0.1108,0.2025,0.1519,0.1641,0.0949,0.1195,0.0881,0.157,0.1347,0.1164],[0.0535,0.082,0.134,0.1303,0,0.1104,0.1097,0.0918,0.1386,0.0809,0.1139,0.0935,0.1423,0.1352,0.0905,0.1191,0.1154,0.1103,0.1133,0.1143,0.1291,0.1693,0.0709,0.1247,0.1257,0.0905,0.1076,0.0979,0.0911,0.1236,0.122,0.1038,0.109,0.1053,0.111,0.1168,0.1229,0.1385,0.2176,0.0978,0.1259,0.1818,0.1427,0.1102,0.0729,0.1296,0.1438,0.1096,0.0813,0.1358,0.1215,0.1365,0.0493,0.1219,0.0881,0.1125,0.1667,0.105,0.1497,0.0792,0.1324,0.1449,0.113,0.0943,0.1808,0.1168,0.1194,0.1163,0.152,0.0818,0.1489,0.1744,0.102,0.1198,0.0893,0.1731,0.1349,0.1428,0.052,0.1244],[0.1246,0.1511,0.1472,0.1411,0.1104,0,0.1689,0.1415,0.1698,0.1446,0.1696,0.1402,0.1845,0.1353,0.1429,0.1675,0.1438,0.1572,0.1674,0.138,0.1834,0.2,0.05,0.1711,0.1801,0.1521,0.1704,0.1324,0.1343,0.175,0.1568,0.1095,0.1683,0.0962,0.1415,0.1732,0.1552,0.182,0.2201,0.1353,0.1716,0.1774,0.0975,0.1849,0.1522,0.1471,0.1985,0.1364,0.145,0.1518,0.1631,0.1472,0.086,0.1533,0.1469,0.138,0.1947,0.1139,0.1661,0.0331,0.1252,0.1864,0.1333,0.0889,0.2391,0.1736,0.1232,0.1374,0.1785,0.0475,0.1675,0.1629,0.1627,0.1612,0.1518,0.1973,0.1264,0.1969,0.1193,0.1707],[0.0949,0.1208,0.1508,0.1345,0.1097,0.1689,0,0.0845,0.1079,0.0869,0.0943,0.09,0.1229,0.1606,0.0827,0.1135,0.1155,0.0926,0.1124,0.1,0.1207,0.1457,0.1426,0.093,0.1039,0.0726,0.0678,0.1117,0.1076,0.1189,0.1238,0.1227,0.0865,0.1372,0.0932,0.0979,0.1297,0.1303,0.1885,0.1296,0.1248,0.1679,0.1618,0.0939,0.0919,0.1469,0.1313,0.0975,0.0901,0.1471,0.1196,0.1434,0.1345,0.1267,0.101,0.0936,0.141,0.1403,0.1481,0.1401,0.1563,0.1375,0.1354,0.1093,0.1367,0.1163,0.1579,0.1196,0.1475,0.1342,0.1411,0.1752,0.1077,0.1238,0.1029,0.1642,0.1524,0.1217,0.1146,0.0776],[0.0538,0.1099,0.1127,0.0933,0.0918,0.1415,0.0845,0,0.1013,0.0538,0.0582,0.0292,0.1229,0.1481,0.0309,0.0892,0.1081,0.1233,0.127,0.037,0.1108,0.1386,0.1209,0.0948,0.1065,0.0632,0.0835,0.108,0.0863,0.108,0.0913,0.1102,0.0803,0.1217,0.0147,0.1086,0.097,0.1117,0.1875,0.0866,0.1017,0.2067,0.1409,0.1189,0.0693,0.139,0.1242,0.0536,0.0301,0.1525,0.1135,0.1673,0.1245,0.1076,0.0953,0.0378,0.1574,0.1166,0.1602,0.1053,0.1418,0.124,0.1196,0.0822,0.1392,0.0909,0.1672,0.1013,0.1432,0.1156,0.1566,0.1755,0.1168,0.1131,0.0617,0.1649,0.1174,0.1189,0.1115,0.1099],[0.1249,0.1334,0.1274,0.1288,0.1386,0.1698,0.1079,0.1013,0,0.1083,0.1167,0.0896,0.1913,0.1479,0.1069,0.1367,0.1238,0.12,0.1452,0.0953,0.1715,0.1006,0.1436,0.0755,0.1388,0.0821,0.0919,0.1419,0.1174,0.1361,0.0859,0.1301,0.134,0.1321,0.0933,0.1326,0.0634,0.1395,0.1869,0.1237,0.0846,0.1649,0.1508,0.1253,0.1041,0.1092,0.168,0.1108,0.0994,0.1776,0.1617,0.1625,0.15,0.1871,0.1382,0.0947,0.2071,0.141,0.1405,0.1537,0.154,0.1418,0.1617,0.1308,0.1266,0.1319,0.1421,0.1305,0.1569,0.1463,0.1176,0.2016,0.0974,0.1728,0.108,0.1792,0.1564,0.1604,0.1283,0.1154],[0.0543,0.1175,0.1092,0.1162,0.0809,0.1446,0.0869,0.0538,0.1083,0,0.0786,0.0835,0.1188,0.1414,0.0675,0.1077,0.1033,0.1187,0.092,0.0825,0.1016,0.1292,0.1203,0.1017,0.1128,0.0864,0.0863,0.0807,0.1007,0.1152,0.0807,0.0842,0.0868,0.1306,0.0713,0.0805,0.0999,0.1024,0.1898,0.0907,0.0965,0.1673,0.1496,0.1058,0.0884,0.1264,0.1261,0.0869,0.067,0.1121,0.0957,0.1126,0.1123,0.0972,0.0647,0.089,0.1438,0.1003,0.1326,0.109,0.1331,0.1381,0.1085,0.0959,0.1343,0.0767,0.1482,0.0981,0.1274,0.1163,0.1655,0.1329,0.0961,0.1079,0.0807,0.1579,0.1109,0.1201,0.0916,0.1054],[0.09,0.1353,0.1086,0.0845,0.1139,0.1696,0.0943,0.0582,0.1167,0.0786,0,0.0693,0.151,0.1557,0.0788,0.1359,0.1137,0.1061,0.1299,0.0503,0.1372,0.1399,0.1552,0.1206,0.1178,0.0734,0.1063,0.1211,0.0847,0.1373,0.1299,0.1301,0.0968,0.139,0.0641,0.114,0.1353,0.1227,0.2063,0.1024,0.1273,0.202,0.1587,0.1205,0.1035,0.1558,0.1239,0.0344,0.0791,0.1738,0.1365,0.1629,0.1563,0.1275,0.1037,0.0502,0.1836,0.1416,0.1716,0.127,0.1463,0.1214,0.1435,0.0962,0.1427,0.112,0.1768,0.1143,0.1645,0.143,0.1526,0.1868,0.1326,0.1381,0.0826,0.1488,0.1379,0.1467,0.1289,0.1101],[0.058,0.1064,0.113,0.0999,0.0935,0.1402,0.09,0.0292,0.0896,0.0835,0.0693,0,0.1433,0.1606,0.0441,0.0796,0.1089,0.1068,0.144,0.0298,0.1335,0.1434,0.1164,0.098,0.1002,0.0603,0.0941,0.1239,0.0856,0.122,0.1109,0.13,0.0921,0.0938,0.0231,0.1178,0.1005,0.1334,0.1934,0.0826,0.1148,0.2001,0.1212,0.1111,0.0689,0.1372,0.1402,0.0512,0.0306,0.1691,0.131,0.171,0.1226,0.1324,0.1155,0.0273,0.1672,0.1153,0.1733,0.1131,0.1506,0.1295,0.1411,0.0915,0.1519,0.1177,0.1428,0.1166,0.1555,0.1083,0.1286,0.2039,0.1035,0.1347,0.0714,0.1689,0.1285,0.1293,0.113,0.107],[0.1173,0.1414,0.166,0.1604,0.1423,0.1845,0.1229,0.1229,0.1913,0.1188,0.151,0.1433,0,0.1811,0.1234,0.125,0.1757,0.1398,0.1555,0.1401,0.0819,0.1853,0.1572,0.1382,0.1061,0.139,0.1264,0.1474,0.1465,0.1509,0.1467,0.1477,0.0873,0.1815,0.136,0.1434,0.1696,0.1619,0.2003,0.1821,0.1572,0.2141,0.2048,0.1351,0.1268,0.188,0.14,0.1559,0.1265,0.1594,0.1409,0.1821,0.1589,0.1213,0.1407,0.1525,0.131,0.159,0.1723,0.1598,0.219,0.1463,0.1687,0.1487,0.1792,0.1388,0.2155,0.1572,0.1771,0.1451,0.1881,0.187,0.1514,0.1469,0.1354,0.1855,0.1908,0.1381,0.1571,0.1538],[0.1364,0.1772,0.1543,0.1437,0.1352,0.1353,0.1606,0.1481,0.1479,0.1414,0.1557,0.1606,0.1811,0,0.1499,0.1258,0.1734,0.1491,0.1241,0.1563,0.1785,0.1717,0.1074,0.1543,0.1408,0.1539,0.1492,0.1752,0.1558,0.1729,0.1361,0.15,0.1527,0.1604,0.1513,0.202,0.1427,0.1616,0.2394,0.1612,0.1552,0.2092,0.1813,0.2026,0.1437,0.0819,0.118,0.145,0.1466,0.2093,0.1305,0.156,0.1351,0.1642,0.1507,0.1572,0.1816,0.1608,0.1635,0.1204,0.1402,0.0947,0.1739,0.1466,0.2117,0.1553,0.1937,0.1612,0.1183,0.1212,0.1787,0.1545,0.1302,0.1381,0.138,0.1497,0.1541,0.1501,0.1527,0.1397],[0.0541,0.1113,0.1113,0.0957,0.0905,0.1429,0.0827,0.0309,0.1069,0.0675,0.0788,0.0441,0.1234,0.1499,0,0.0954,0.109,0.1291,0.123,0.0619,0.1154,0.1304,0.1201,0.0877,0.1197,0.0635,0.0666,0.1139,0.0912,0.1062,0.0807,0.1132,0.0926,0.1247,0.0433,0.1149,0.0905,0.1008,0.1874,0.0933,0.0964,0.2057,0.1434,0.1259,0.0458,0.1379,0.1314,0.074,0.016,0.1586,0.1174,0.1724,0.1195,0.1157,0.1082,0.0632,0.1593,0.1134,0.1595,0.1107,0.1435,0.1284,0.1214,0.0886,0.1257,0.0863,0.1596,0.1043,0.1508,0.1198,0.1501,0.1815,0.1169,0.11,0.0573,0.1611,0.1225,0.1078,0.1068,0.109],[0.0767,0.1205,0.1573,0.1487,0.1191,0.1675,0.1135,0.0892,0.1367,0.1077,0.1359,0.0796,0.125,0.1258,0.0954,0,0.142,0.1284,0.145,0.0913,0.1389,0.1611,0.1282,0.1291,0.0867,0.0957,0.1024,0.1491,0.1263,0.1482,0.1206,0.1521,0.1255,0.1485,0.0873,0.1397,0.1333,0.1507,0.2227,0.1112,0.1347,0.2258,0.1798,0.1434,0.0866,0.1198,0.1346,0.1068,0.0874,0.1776,0.1141,0.172,0.155,0.1436,0.1414,0.0939,0.1573,0.1575,0.1801,0.1356,0.186,0.1228,0.1792,0.1305,0.1789,0.1338,0.1971,0.1481,0.1531,0.1249,0.1642,0.1864,0.1131,0.1234,0.1171,0.1629,0.159,0.1014,0.153,0.1058],[0.1164,0.1297,0.1138,0.1038,0.1154,0.1438,0.1155,0.1081,0.1238,0.1033,0.1137,0.1089,0.1757,0.1734,0.109,0.142,0,0.1211,0.1599,0.1135,0.1596,0.1513,0.1435,0.1316,0.1474,0.0931,0.1203,0.1188,0.1001,0.1501,0.1351,0.1455,0.1405,0.1065,0.1118,0.1096,0.1411,0.1473,0.1601,0.0841,0.1342,0.1751,0.1354,0.126,0.104,0.1726,0.1599,0.1099,0.1078,0.1745,0.1272,0.1671,0.1378,0.1274,0.1118,0.1129,0.1651,0.1264,0.1601,0.1282,0.1354,0.1634,0.1121,0.1105,0.1637,0.137,0.1134,0.0766,0.1601,0.1329,0.1245,0.2043,0.1351,0.1358,0.0902,0.1792,0.1135,0.1395,0.0984,0.1193],[0.1126,0.1378,0.1379,0.1141,0.1103,0.1572,0.0926,0.1233,0.12,0.1187,0.1061,0.1068,0.1398,0.1491,0.1291,0.1284,0.1211,0,0.1223,0.0965,0.1517,0.1222,0.1257,0.0854,0.0938,0.0858,0.0889,0.1179,0.0799,0.1607,0.1345,0.1518,0.1108,0.1022,0.1163,0.0997,0.1399,0.1311,0.1897,0.1015,0.1211,0.1599,0.1413,0.0963,0.1055,0.1284,0.141,0.0876,0.1293,0.1659,0.1217,0.1251,0.1258,0.1262,0.1141,0.0946,0.1391,0.1137,0.1385,0.131,0.1669,0.1093,0.1553,0.1065,0.171,0.1164,0.1324,0.1347,0.153,0.1013,0.1012,0.2088,0.1113,0.1506,0.1199,0.1424,0.1455,0.1497,0.1089,0.0491],[0.1208,0.1465,0.1312,0.133,0.1133,0.1674,0.1124,0.127,0.1452,0.092,0.1299,0.144,0.1555,0.1241,0.123,0.145,0.1599,0.1223,0,0.1405,0.1382,0.1397,0.1286,0.1259,0.1514,0.1321,0.1206,0.1017,0.12,0.1636,0.1241,0.1068,0.1256,0.1508,0.1388,0.118,0.127,0.1272,0.2153,0.1372,0.1357,0.1227,0.1567,0.1316,0.1232,0.1165,0.1583,0.1337,0.1316,0.1624,0.1311,0.0856,0.1365,0.1281,0.1236,0.1444,0.1744,0.1247,0.1343,0.1263,0.1432,0.15,0.1727,0.1345,0.1304,0.1309,0.1615,0.1676,0.1386,0.1266,0.1766,0.121,0.1184,0.1341,0.1177,0.1274,0.133,0.1662,0.1436,0.1186],[0.0803,0.1253,0.1166,0.0899,0.1143,0.138,0.1,0.037,0.0953,0.0825,0.0503,0.0298,0.1401,0.1563,0.0619,0.0913,0.1135,0.0965,0.1405,0,0.138,0.1386,0.1188,0.1032,0.0948,0.0683,0.0994,0.1224,0.0808,0.1272,0.113,0.1293,0.0927,0.1141,0.02,0.1124,0.104,0.1272,0.1969,0.0821,0.1121,0.2044,0.1274,0.1221,0.0905,0.1401,0.1393,0.0211,0.056,0.1672,0.1335,0.1667,0.1532,0.13,0.1137,0.018,0.1699,0.1355,0.1724,0.0997,0.1444,0.1238,0.1521,0.0804,0.1492,0.118,0.1724,0.1187,0.1601,0.1016,0.1393,0.2037,0.1198,0.1398,0.0781,0.1674,0.1115,0.1373,0.1344,0.1039],[0.1083,0.1211,0.1524,0.1552,0.1291,0.1834,0.1207,0.1108,0.1715,0.1016,0.1372,0.1335,0.0819,0.1785,0.1154,0.1389,0.1596,0.1517,0.1382,0.138,0,0.1566,0.1605,0.1282,0.1287,0.1284,0.1179,0.126,0.1335,0.1145,0.1356,0.138,0.1024,0.1668,0.1266,0.1384,0.1562,0.1485,0.1853,0.1572,0.1419,0.1898,0.1961,0.1248,0.1278,0.1874,0.1298,0.1405,0.1168,0.156,0.1315,0.1511,0.152,0.1087,0.0925,0.1396,0.1282,0.1478,0.151,0.1586,0.1972,0.1536,0.1562,0.1562,0.1768,0.1278,0.2014,0.1221,0.141,0.1552,0.1796,0.1633,0.1399,0.1227,0.118,0.1838,0.1727,0.136,0.1508,0.1476],[0.1517,0.1643,0.0949,0.1213,0.1693,0.2,0.1457,0.1386,0.1006,0.1292,0.1399,0.1434,0.1853,0.1717,0.1304,0.1611,0.1513,0.1222,0.1397,0.1386,0.1566,0,0.1793,0.0724,0.1585,0.1252,0.1047,0.1381,0.1192,0.1264,0.0726,0.1497,0.1564,0.1426,0.1359,0.1206,0.0833,0.0586,0.1753,0.1205,0.06,0.1507,0.1573,0.1425,0.1366,0.1285,0.1569,0.1425,0.1323,0.1866,0.129,0.1576,0.1806,0.1483,0.1596,0.1458,0.1829,0.1256,0.1297,0.1774,0.1764,0.1399,0.1846,0.1462,0.1429,0.0748,0.1495,0.132,0.1513,0.1677,0.1224,0.2043,0.1319,0.1575,0.1128,0.1182,0.1349,0.1391,0.1551,0.1103],[0.0787,0.1157,0.142,0.1344,0.0709,0.05,0.1426,0.1209,0.1436,0.1203,0.1552,0.1164,0.1572,0.1074,0.1201,0.1282,0.1435,0.1257,0.1286,0.1188,0.1605,0.1793,0,0.1419,0.1241,0.1216,0.1404,0.1244,0.1273,0.1519,0.1358,0.1071,0.1346,0.0848,0.1223,0.1448,0.1329,0.1633,0.2191,0.126,0.1473,0.192,0.1105,0.1404,0.119,0.1063,0.1666,0.12,0.119,0.1518,0.1392,0.1297,0.0541,0.1437,0.124,0.1166,0.1733,0.1072,0.161,0.048,0.1294,0.1413,0.1484,0.0987,0.2078,0.1487,0.1315,0.141,0.1542,0.0296,0.1549,0.1763,0.116,0.1422,0.13,0.1994,0.1325,0.1616,0.0981,0.1542],[0.113,0.1177,0.1108,0.118,0.1247,0.1711,0.093,0.0948,0.0755,0.1017,0.1206,0.098,0.1382,0.1543,0.0877,0.1291,0.1316,0.0854,0.1259,0.1032,0.1282,0.0724,0.1419,0,0.1194,0.0712,0.0414,0.1056,0.099,0.109,0.0801,0.1336,0.1092,0.1265,0.0965,0.099,0.0705,0.0887,0.1872,0.1114,0.0474,0.1508,0.153,0.1057,0.0878,0.1234,0.1383,0.1184,0.0915,0.1552,0.1414,0.153,0.1309,0.1608,0.1084,0.1093,0.1679,0.1108,0.1313,0.1504,0.1699,0.1172,0.1322,0.1154,0.1396,0.0943,0.1356,0.1113,0.1484,0.1421,0.1176,0.2024,0.0909,0.1458,0.0825,0.1438,0.1425,0.1275,0.117,0.0871],[0.0925,0.1224,0.1745,0.1574,0.1257,0.1801,0.1039,0.1065,0.1388,0.1128,0.1178,0.1002,0.1061,0.1408,0.1197,0.0867,0.1474,0.0938,0.1514,0.0948,0.1287,0.1585,0.1241,0.1194,0,0.0924,0.1027,0.149,0.1404,0.133,0.1362,0.153,0.0705,0.152,0.1061,0.128,0.1533,0.1602,0.1891,0.1452,0.131,0.2041,0.1854,0.0823,0.105,0.1299,0.0955,0.1062,0.1138,0.1563,0.1008,0.176,0.1437,0.1436,0.1175,0.1016,0.1168,0.1648,0.1712,0.1532,0.1894,0.0895,0.1626,0.1407,0.1788,0.1321,0.1949,0.1205,0.1145,0.1358,0.1406,0.1886,0.1144,0.1041,0.1168,0.195,0.184,0.0944,0.1436,0.1146],[0.0729,0.1037,0.1222,0.1138,0.0905,0.1521,0.0726,0.0632,0.0821,0.0864,0.0734,0.0603,0.139,0.1539,0.0635,0.0957,0.0931,0.0858,0.1321,0.0683,0.1284,0.1252,0.1216,0.0712,0.0924,0,0.0529,0.1184,0.1017,0.1053,0.0972,0.1266,0.0946,0.1114,0.0664,0.1086,0.0985,0.1112,0.1782,0.0885,0.0842,0.1936,0.1461,0.0974,0.0523,0.123,0.1242,0.0774,0.0652,0.1618,0.1084,0.1692,0.1152,0.1212,0.1052,0.0689,0.1543,0.1233,0.1594,0.127,0.1451,0.113,0.1236,0.1007,0.1253,0.0969,0.1398,0.0989,0.1368,0.1239,0.1079,0.2067,0.0885,0.1175,0.0682,0.1686,0.1466,0.1168,0.0951,0.0899],[0.0873,0.1092,0.1289,0.1198,0.1076,0.1704,0.0678,0.0835,0.0919,0.0863,0.1063,0.0941,0.1264,0.1492,0.0666,0.1024,0.1203,0.0889,0.1206,0.0994,0.1179,0.1047,0.1404,0.0414,0.1027,0.0529,0,0.1065,0.1023,0.0996,0.0856,0.139,0.1014,0.134,0.0919,0.0957,0.0961,0.0977,0.189,0.1041,0.0756,0.1867,0.1613,0.1014,0.057,0.1326,0.1223,0.105,0.0813,0.1603,0.1173,0.166,0.1317,0.1407,0.0964,0.102,0.1461,0.1246,0.1556,0.1422,0.1608,0.1147,0.1323,0.1051,0.122,0.0878,0.1533,0.1075,0.1429,0.138,0.1263,0.2009,0.0907,0.1191,0.0828,0.1564,0.1401,0.1021,0.1076,0.0866],[0.1088,0.096,0.1349,0.1419,0.0979,0.1324,0.1117,0.108,0.1419,0.0807,0.1211,0.1239,0.1474,0.1752,0.1139,0.1491,0.1188,0.1179,0.1017,0.1224,0.126,0.1381,0.1244,0.1056,0.149,0.1184,0.1065,0,0.1208,0.1304,0.1294,0.0795,0.1269,0.115,0.1209,0.0616,0.1253,0.1178,0.2008,0.1091,0.121,0.1133,0.1108,0.091,0.1045,0.1497,0.1739,0.1232,0.1181,0.1019,0.1318,0.0792,0.1067,0.1316,0.0644,0.1256,0.166,0.0939,0.1257,0.1157,0.1527,0.1766,0.1188,0.1146,0.148,0.1076,0.1041,0.1154,0.1411,0.1119,0.1771,0.1421,0.1161,0.1129,0.1051,0.1567,0.1192,0.1608,0.1075,0.1277],[0.0932,0.1341,0.0856,0.0812,0.0911,0.1343,0.1076,0.0863,0.1174,0.1007,0.0847,0.0856,0.1465,0.1558,0.0912,0.1263,0.1001,0.0799,0.12,0.0808,0.1335,0.1192,0.1273,0.099,0.1404,0.1017,0.1023,0.1208,0,0.1532,0.1136,0.136,0.1246,0.0991,0.0873,0.1198,0.1114,0.1165,0.1937,0.0678,0.1055,0.1607,0.1121,0.1327,0.1039,0.1494,0.152,0.0711,0.0921,0.18,0.1308,0.1514,0.1303,0.1193,0.1171,0.0744,0.1756,0.0957,0.155,0.0986,0.1358,0.1511,0.1409,0.0754,0.164,0.1243,0.1209,0.1238,0.1727,0.1082,0.1155,0.1864,0.1303,0.1446,0.0847,0.1324,0.0945,0.1426,0.1015,0.1003],[0.125,0.1149,0.1651,0.1586,0.1236,0.175,0.1189,0.108,0.1361,0.1152,0.1373,0.122,0.1509,0.1729,0.1062,0.1482,0.1501,0.1607,0.1636,0.1272,0.1145,0.1264,0.1519,0.109,0.133,0.1053,0.0996,0.1304,0.1532,0,0.1075,0.141,0.116,0.1432,0.1168,0.1184,0.1213,0.1112,0.174,0.1407,0.1047,0.2002,0.1767,0.1179,0.1125,0.181,0.1161,0.1337,0.1092,0.1414,0.1264,0.1931,0.132,0.1479,0.1175,0.131,0.1247,0.1547,0.1757,0.1485,0.1684,0.1536,0.161,0.1326,0.1432,0.1058,0.1745,0.1074,0.1374,0.1615,0.1712,0.1867,0.1401,0.1237,0.1197,0.1733,0.1615,0.0976,0.1351,0.1471],[0.0973,0.1362,0.1214,0.1101,0.122,0.1568,0.1238,0.0913,0.0859,0.0807,0.1299,0.1109,0.1467,0.1361,0.0807,0.1206,0.1351,0.1345,0.1241,0.113,0.1356,0.0726,0.1358,0.0801,0.1362,0.0972,0.0856,0.1294,0.1136,0.1075,0,0.1049,0.1223,0.1426,0.0974,0.1249,0.049,0.0626,0.1767,0.1161,0.0527,0.1655,0.1652,0.1349,0.0979,0.1065,0.1449,0.1251,0.084,0.16,0.1042,0.1555,0.1418,0.1272,0.1319,0.1249,0.1734,0.1306,0.1187,0.13,0.141,0.1399,0.1417,0.1098,0.1348,0.0594,0.1608,0.1175,0.1339,0.1353,0.1416,0.1664,0.1113,0.1265,0.1057,0.1557,0.1242,0.1242,0.1206,0.1209],[0.1119,0.1362,0.146,0.1501,0.1038,0.1095,0.1227,0.1102,0.1301,0.0842,0.1301,0.13,0.1477,0.15,0.1132,0.1521,0.1455,0.1518,0.1068,0.1293,0.138,0.1497,0.1071,0.1336,0.153,0.1266,0.139,0.0795,0.136,0.141,0.1049,0,0.1186,0.1296,0.1242,0.1192,0.1209,0.131,0.1987,0.1329,0.128,0.1163,0.131,0.1295,0.1256,0.1068,0.1787,0.136,0.1157,0.1016,0.1153,0.0704,0.0965,0.1091,0.1141,0.1353,0.1801,0.1244,0.0756,0.1015,0.1283,0.1808,0.1091,0.1198,0.1509,0.1104,0.1283,0.1136,0.1393,0.1014,0.1803,0.1072,0.1376,0.1055,0.1262,0.1671,0.1426,0.1653,0.1081,0.1431],[0.0876,0.1259,0.1484,0.136,0.109,0.1683,0.0865,0.0803,0.134,0.0868,0.0968,0.0921,0.0873,0.1527,0.0926,0.1255,0.1405,0.1108,0.1256,0.0927,0.1024,0.1564,0.1346,0.1092,0.0705,0.0946,0.1014,0.1269,0.1246,0.116,0.1223,0.1186,0,0.1516,0.0899,0.1154,0.1294,0.1452,0.16,0.1475,0.1214,0.1828,0.1784,0.0882,0.0983,0.1606,0.1019,0.1057,0.0892,0.1299,0.1154,0.1621,0.1291,0.1209,0.1095,0.0994,0.1159,0.1466,0.1484,0.1346,0.1684,0.1003,0.1354,0.1198,0.1633,0.1124,0.1849,0.1189,0.1607,0.1317,0.1517,0.1863,0.1376,0.1168,0.0983,0.1741,0.172,0.1145,0.1199,0.1244],[0.108,0.1324,0.1109,0.104,0.1053,0.0962,0.1372,0.1217,0.1321,0.1306,0.139,0.0938,0.1815,0.1604,0.1247,0.1485,0.1065,0.1022,0.1508,0.1141,0.1668,0.1426,0.0848,0.1265,0.152,0.1114,0.134,0.115,0.0991,0.1432,0.1426,0.1296,0.1516,0,0.1164,0.1006,0.1306,0.1487,0.1883,0.0958,0.1423,0.1533,0.0559,0.1205,0.1217,0.1569,0.1714,0.1093,0.1202,0.1467,0.1527,0.1275,0.0884,0.1441,0.1202,0.0944,0.1696,0.0707,0.1534,0.1024,0.1177,0.1572,0.1438,0.0976,0.1876,0.1373,0.0619,0.1214,0.1674,0.0694,0.1074,0.2071,0.1272,0.1724,0.1239,0.1699,0.112,0.166,0.0802,0.1274],[0.0716,0.1197,0.1176,0.0917,0.111,0.1415,0.0932,0.0147,0.0933,0.0713,0.0641,0.0231,0.136,0.1513,0.0433,0.0873,0.1118,0.1163,0.1388,0.02,0.1266,0.1359,0.1223,0.0965,0.1061,0.0664,0.0919,0.1209,0.0873,0.1168,0.0974,0.1242,0.0899,0.1164,0,0.1173,0.0979,0.1191,0.1914,0.0881,0.1069,0.2101,0.132,0.127,0.0816,0.139,0.1346,0.0441,0.0362,0.1666,0.1256,0.1754,0.142,0.1212,0.1139,0.0253,0.1667,0.1276,0.17,0.1072,0.1487,0.1248,0.1403,0.0867,0.1455,0.1043,0.172,0.1143,0.152,0.1126,0.1473,0.1934,0.1196,0.13,0.0691,0.1667,0.1163,0.1283,0.1299,0.1085],[0.113,0.1072,0.1319,0.1224,0.1168,0.1732,0.0979,0.1086,0.1326,0.0805,0.114,0.1178,0.1434,0.202,0.1149,0.1397,0.1096,0.0997,0.118,0.1124,0.1384,0.1206,0.1448,0.099,0.128,0.1086,0.0957,0.0616,0.1198,0.1184,0.1249,0.1192,0.1154,0.1006,0.1173,0,0.1298,0.1153,0.1917,0.1102,0.1178,0.1559,0.1354,0.0789,0.1004,0.18,0.1554,0.1162,0.1169,0.0933,0.1448,0.1126,0.1324,0.1361,0.0789,0.1174,0.1529,0.1136,0.1505,0.1431,0.1564,0.1591,0.147,0.1119,0.1362,0.0994,0.1205,0.1216,0.1761,0.1291,0.1513,0.2041,0.1249,0.1532,0.1186,0.1557,0.1367,0.1384,0.1013,0.1025],[0.1066,0.1345,0.1192,0.123,0.1229,0.1552,0.1297,0.097,0.0634,0.0999,0.1353,0.1005,0.1696,0.1427,0.0905,0.1333,0.1411,0.1399,0.127,0.104,0.1562,0.0833,0.1329,0.0705,0.1533,0.0985,0.0961,0.1253,0.1114,0.1213,0.049,0.1209,0.1294,0.1306,0.0979,0.1298,0,0.0907,0.2011,0.1163,0.0374,0.165,0.1504,0.1419,0.0981,0.115,0.1687,0.1237,0.0861,0.161,0.1475,0.1545,0.1431,0.1674,0.1316,0.1183,0.1997,0.1299,0.1426,0.1292,0.1406,0.1328,0.154,0.1033,0.1354,0.0923,0.1447,0.1307,0.1519,0.1309,0.1335,0.1871,0.1055,0.1585,0.0935,0.1685,0.1278,0.1429,0.1253,0.1355],[0.1182,0.151,0.1094,0.1261,0.1385,0.182,0.1303,0.1117,0.1395,0.1024,0.1227,0.1334,0.1619,0.1616,0.1008,0.1507,0.1473,0.1311,0.1272,0.1272,0.1485,0.0586,0.1633,0.0887,0.1602,0.1112,0.0977,0.1178,0.1165,0.1112,0.0626,0.131,0.1452,0.1487,0.1191,0.1153,0.0907,0,0.1739,0.1124,0.0725,0.1606,0.1599,0.1483,0.1117,0.129,0.1595,0.1291,0.1083,0.1748,0.0995,0.1538,0.1592,0.0991,0.1339,0.1349,0.1574,0.113,0.1227,0.1556,0.1508,0.1519,0.1525,0.1287,0.1344,0.0435,0.1518,0.1333,0.1374,0.1563,0.1455,0.1803,0.124,0.1267,0.1064,0.1258,0.1176,0.123,0.1311,0.1201],[0.198,0.2251,0.1548,0.1746,0.2176,0.2201,0.1885,0.1875,0.1869,0.1898,0.2063,0.1934,0.2003,0.2394,0.1874,0.2227,0.1601,0.1897,0.2153,0.1969,0.1853,0.1753,0.2191,0.1872,0.1891,0.1782,0.189,0.2008,0.1937,0.174,0.1767,0.1987,0.16,0.1883,0.1914,0.1917,0.2011,0.1739,0,0.1887,0.1744,0.1882,0.1839,0.1904,0.1952,0.2464,0.1778,0.2106,0.1864,0.2056,0.1644,0.2254,0.2173,0.1647,0.2115,0.2007,0.1517,0.1787,0.1675,0.2176,0.179,0.1693,0.1878,0.1945,0.2038,0.1769,0.2014,0.1344,0.1768,0.2058,0.1517,0.248,0.2302,0.1584,0.1767,0.1967,0.2083,0.1674,0.1771,0.1904],[0.0875,0.1337,0.1046,0.1002,0.0978,0.1353,0.1296,0.0866,0.1237,0.0907,0.1024,0.0826,0.1821,0.1612,0.0933,0.1112,0.0841,0.1015,0.1372,0.0821,0.1572,0.1205,0.126,0.1114,0.1452,0.0885,0.1041,0.1091,0.0678,0.1407,0.1161,0.1329,0.1475,0.0958,0.0881,0.1102,0.1163,0.1124,0.1887,0,0.1118,0.1763,0.0995,0.1448,0.094,0.1419,0.1522,0.0781,0.09,0.1667,0.1224,0.1439,0.128,0.1243,0.1227,0.0801,0.1685,0.0937,0.1579,0.1117,0.1124,0.1525,0.1253,0.0872,0.1568,0.1072,0.1084,0.1105,0.1687,0.1124,0.1264,0.1876,0.1214,0.1266,0.0912,0.1452,0.0688,0.1336,0.0901,0.1024],[0.1097,0.1371,0.1099,0.1218,0.1259,0.1716,0.1248,0.1017,0.0846,0.0965,0.1273,0.1148,0.1572,0.1552,0.0964,0.1347,0.1342,0.1211,0.1357,0.1121,0.1419,0.06,0.1473,0.0474,0.131,0.0842,0.0756,0.121,0.1055,0.1047,0.0527,0.128,0.1214,0.1423,0.1069,0.1178,0.0374,0.0725,0.1744,0.1118,0,0.1628,0.1653,0.1269,0.1042,0.1178,0.1428,0.1302,0.0943,0.154,0.1122,0.1691,0.1425,0.1444,0.1228,0.1276,0.1731,0.1278,0.1391,0.1469,0.159,0.1167,0.1369,0.1153,0.1427,0.0746,0.1498,0.1019,0.1287,0.1524,0.1263,0.1935,0.1129,0.1286,0.0849,0.1633,0.1412,0.1122,0.1213,0.1185],[0.2139,0.1698,0.1678,0.1926,0.1818,0.1774,0.1679,0.2067,0.1649,0.1673,0.202,0.2001,0.2141,0.2092,0.2057,0.2258,0.1751,0.1599,0.1227,0.2044,0.1898,0.1507,0.192,0.1508,0.2041,0.1936,0.1867,0.1133,0.1607,0.2002,0.1655,0.1163,0.1828,0.1533,0.2101,0.1559,0.165,0.1606,0.1882,0.1763,0.1628,0,0.1255,0.154,0.1832,0.1662,0.2255,0.2022,0.2042,0.1588,0.1717,0.0878,0.1718,0.1753,0.1681,0.2056,0.2167,0.1442,0.081,0.1789,0.1649,0.2311,0.1401,0.1792,0.1827,0.1708,0.1181,0.1754,0.1662,0.1739,0.1598,0.1229,0.1684,0.1658,0.1718,0.1642,0.175,0.2177,0.1623,0.1655],[0.1391,0.1609,0.1259,0.1172,0.1427,0.0975,0.1618,0.1409,0.1508,0.1496,0.1587,0.1212,0.2048,0.1813,0.1434,0.1798,0.1354,0.1413,0.1567,0.1274,0.1961,0.1573,0.1105,0.153,0.1854,0.1461,0.1613,0.1108,0.1121,0.1767,0.1652,0.131,0.1784,0.0559,0.132,0.1354,0.1504,0.1599,0.1839,0.0995,0.1653,0.1255,0,0.1605,0.1442,0.1689,0.1991,0.1254,0.1417,0.1639,0.1813,0.1178,0.1336,0.1654,0.1589,0.1153,0.2033,0.0654,0.1532,0.114,0.1138,0.1911,0.1445,0.1082,0.1803,0.1598,0.076,0.1455,0.1926,0.0924,0.1188,0.17,0.1556,0.1817,0.1336,0.1611,0.0832,0.1938,0.1203,0.1569],[0.1074,0.0997,0.1656,0.1475,0.1102,0.1849,0.0939,0.1189,0.1253,0.1058,0.1205,0.1111,0.1351,0.2026,0.1259,0.1434,0.126,0.0963,0.1316,0.1221,0.1248,0.1425,0.1404,0.1057,0.0823,0.0974,0.1014,0.091,0.1327,0.1179,0.1349,0.1295,0.0882,0.1205,0.127,0.0789,0.1419,0.1483,0.1904,0.1448,0.1269,0.154,0.1605,0,0.1092,0.1604,0.1527,0.1301,0.1227,0.1379,0.1277,0.1344,0.1149,0.1478,0.096,0.1193,0.1394,0.1329,0.1546,0.1537,0.2021,0.1482,0.1524,0.1496,0.1463,0.1205,0.1341,0.1237,0.1373,0.138,0.1496,0.1907,0.1049,0.1327,0.118,0.1813,0.1807,0.1484,0.1323,0.1287],[0.0637,0.0682,0.1267,0.1258,0.0729,0.1522,0.0919,0.0693,0.1041,0.0884,0.1035,0.0689,0.1268,0.1437,0.0458,0.0866,0.104,0.1055,0.1232,0.0905,0.1278,0.1366,0.119,0.0878,0.105,0.0523,0.057,0.1045,0.1039,0.1125,0.0979,0.1256,0.0983,0.1217,0.0816,0.1004,0.0981,0.1117,0.1952,0.094,0.1042,0.1832,0.1442,0.1092,0,0.1363,0.1331,0.0984,0.043,0.1514,0.1274,0.1592,0.1101,0.1373,0.1049,0.0977,0.1581,0.1125,0.15,0.1249,0.1506,0.1277,0.121,0.1031,0.1203,0.0952,0.1423,0.1151,0.155,0.119,0.1229,0.1966,0.0964,0.1162,0.0598,0.1628,0.1447,0.108,0.0887,0.1018],[0.1309,0.1594,0.1521,0.1602,0.1296,0.1471,0.1469,0.139,0.1092,0.1264,0.1558,0.1372,0.188,0.0819,0.1379,0.1198,0.1726,0.1284,0.1165,0.1401,0.1874,0.1285,0.1063,0.1234,0.1299,0.123,0.1326,0.1497,0.1494,0.181,0.1065,0.1068,0.1606,0.1569,0.139,0.18,0.115,0.129,0.2464,0.1419,0.1178,0.1662,0.1689,0.1604,0.1363,0,0.1698,0.147,0.1352,0.1963,0.099,0.1209,0.1219,0.146,0.1551,0.1428,0.1963,0.1476,0.1219,0.1345,0.1599,0.1175,0.1607,0.1591,0.1626,0.1184,0.1605,0.1638,0.1063,0.1235,0.1675,0.1313,0.0908,0.128,0.1482,0.1703,0.163,0.1541,0.1491,0.1362],[0.1256,0.1626,0.1667,0.1377,0.1438,0.1985,0.1313,0.1242,0.168,0.1261,0.1239,0.1402,0.14,0.118,0.1314,0.1346,0.1599,0.141,0.1583,0.1393,0.1298,0.1569,0.1666,0.1383,0.0955,0.1242,0.1223,0.1739,0.152,0.1161,0.1449,0.1787,0.1019,0.1714,0.1346,0.1554,0.1687,0.1595,0.1778,0.1522,0.1428,0.2255,0.1991,0.1527,0.1331,0.1698,0,0.1276,0.1293,0.178,0.1165,0.1968,0.1742,0.1513,0.1337,0.1393,0.113,0.1788,0.1849,0.17,0.181,0.0774,0.1706,0.1433,0.1961,0.1388,0.2109,0.1324,0.1405,0.1759,0.1726,0.1823,0.1497,0.1185,0.1205,0.1495,0.176,0.0913,0.1466,0.113],[0.0854,0.134,0.1184,0.0814,0.1096,0.1364,0.0975,0.0536,0.1108,0.0869,0.0344,0.0512,0.1559,0.145,0.074,0.1068,0.1099,0.0876,0.1337,0.0211,0.1405,0.1425,0.12,0.1184,0.1062,0.0774,0.105,0.1232,0.0711,0.1337,0.1251,0.136,0.1057,0.1093,0.0441,0.1162,0.1237,0.1291,0.2106,0.0781,0.1302,0.2022,0.1254,0.1301,0.0984,0.147,0.1276,0,0.0762,0.1762,0.1409,0.1562,0.1543,0.1332,0.1062,0.0209,0.1801,0.1336,0.1731,0.0958,0.1395,0.1174,0.1529,0.0744,0.1577,0.1183,0.1696,0.1181,0.1645,0.1006,0.1439,0.1934,0.1283,0.1423,0.0858,0.1628,0.1011,0.1457,0.1307,0.0876],[0.0521,0.0979,0.1092,0.1021,0.0813,0.145,0.0901,0.0301,0.0994,0.067,0.0791,0.0306,0.1265,0.1466,0.016,0.0874,0.1078,0.1293,0.1316,0.056,0.1168,0.1323,0.119,0.0915,0.1138,0.0652,0.0813,0.1181,0.0921,0.1092,0.084,0.1157,0.0892,0.1202,0.0362,0.1169,0.0861,0.1083,0.1864,0.09,0.0943,0.2042,0.1417,0.1227,0.043,0.1352,0.1293,0.0762,0,0.1607,0.1171,0.1748,0.1162,0.1194,0.1121,0.0624,0.1563,0.1132,0.1568,0.115,0.145,0.1256,0.1185,0.0947,0.1344,0.0912,0.1553,0.1071,0.1488,0.1211,0.1432,0.1875,0.1082,0.1139,0.0542,0.1616,0.1285,0.1106,0.1011,0.1135],[0.1436,0.14,0.1927,0.1933,0.1358,0.1518,0.1471,0.1525,0.1776,0.1121,0.1738,0.1691,0.1594,0.2093,0.1586,0.1776,0.1745,0.1659,0.1624,0.1672,0.156,0.1866,0.1518,0.1552,0.1563,0.1618,0.1603,0.1019,0.18,0.1414,0.16,0.1016,0.1299,0.1467,0.1666,0.0933,0.161,0.1748,0.2056,0.1667,0.154,0.1588,0.1639,0.1379,0.1514,0.1963,0.178,0.1762,0.1607,0,0.1649,0.129,0.1175,0.1656,0.1102,0.1754,0.1662,0.1609,0.1494,0.1504,0.1721,0.188,0.1268,0.1475,0.2073,0.1443,0.1606,0.1379,0.1839,0.1382,0.2011,0.1644,0.1752,0.1392,0.17,0.2078,0.1996,0.1604,0.1125,0.1561],[0.1086,0.1649,0.1338,0.1451,0.1215,0.1631,0.1196,0.1135,0.1617,0.0957,0.1365,0.131,0.1409,0.1305,0.1174,0.1141,0.1272,0.1217,0.1311,0.1335,0.1315,0.129,0.1392,0.1414,0.1008,0.1084,0.1173,0.1318,0.1308,0.1264,0.1042,0.1153,0.1154,0.1527,0.1256,0.1448,0.1475,0.0995,0.1644,0.1224,0.1122,0.1717,0.1813,0.1277,0.1274,0.099,0.1165,0.1409,0.1171,0.1649,0,0.147,0.1347,0.0647,0.1299,0.1372,0.0956,0.1415,0.125,0.1393,0.1655,0.1373,0.137,0.1444,0.1691,0.0913,0.1675,0.1247,0.0891,0.138,0.1666,0.1488,0.1235,0.0622,0.1185,0.1498,0.1537,0.0871,0.1263,0.1128],[0.1465,0.1601,0.1559,0.1626,0.1365,0.1472,0.1434,0.1673,0.1625,0.1126,0.1629,0.171,0.1821,0.156,0.1724,0.172,0.1671,0.1251,0.0856,0.1667,0.1511,0.1576,0.1297,0.153,0.176,0.1692,0.166,0.0792,0.1514,0.1931,0.1555,0.0704,0.1621,0.1275,0.1754,0.1126,0.1545,0.1538,0.2254,0.1439,0.1691,0.0878,0.1178,0.1344,0.1592,0.1209,0.1968,0.1562,0.1748,0.129,0.147,0,0.1332,0.1342,0.1127,0.1645,0.1924,0.1118,0.0847,0.1335,0.1546,0.1883,0.1585,0.1534,0.1729,0.1476,0.1193,0.1656,0.158,0.1097,0.1787,0.1149,0.1264,0.1548,0.1615,0.1482,0.1405,0.2059,0.1399,0.1341],[0.0819,0.1028,0.1509,0.1621,0.0493,0.086,0.1345,0.1245,0.15,0.1123,0.1563,0.1226,0.1589,0.1351,0.1195,0.155,0.1378,0.1258,0.1365,0.1532,0.152,0.1806,0.0541,0.1309,0.1437,0.1152,0.1317,0.1067,0.1303,0.132,0.1418,0.0965,0.1291,0.0884,0.142,0.1324,0.1431,0.1592,0.2173,0.128,0.1425,0.1718,0.1336,0.1149,0.1101,0.1219,0.1742,0.1543,0.1162,0.1175,0.1347,0.1332,0,0.1367,0.1117,0.1423,0.1662,0.1056,0.1508,0.0846,0.1347,0.1602,0.0991,0.1257,0.2035,0.136,0.0957,0.1304,0.1541,0.0734,0.1574,0.1681,0.1191,0.129,0.1254,0.1954,0.1657,0.1647,0.066,0.1563],[0.1075,0.1709,0.1301,0.127,0.1219,0.1533,0.1267,0.1076,0.1871,0.0972,0.1275,0.1324,0.1213,0.1642,0.1157,0.1436,0.1274,0.1262,0.1281,0.13,0.1087,0.1483,0.1437,0.1608,0.1436,0.1212,0.1407,0.1316,0.1193,0.1479,0.1272,0.1091,0.1209,0.1441,0.1212,0.1361,0.1674,0.0991,0.1647,0.1243,0.1444,0.1753,0.1654,0.1478,0.1373,0.146,0.1513,0.1332,0.1194,0.1656,0.0647,0.1342,0.1367,0,0.1294,0.1333,0.1124,0.1284,0.1132,0.1299,0.1417,0.1624,0.1243,0.1287,0.1706,0.1018,0.1531,0.129,0.138,0.1329,0.1573,0.1578,0.1651,0.1131,0.1208,0.1566,0.1318,0.1235,0.1129,0.1302],[0.0864,0.099,0.1444,0.1361,0.0881,0.1469,0.101,0.0953,0.1382,0.0647,0.1037,0.1155,0.1407,0.1507,0.1082,0.1414,0.1118,0.1141,0.1236,0.1137,0.0925,0.1596,0.124,0.1084,0.1175,0.1052,0.0964,0.0644,0.1171,0.1175,0.1319,0.1141,0.1095,0.1202,0.1139,0.0789,0.1316,0.1339,0.2115,0.1227,0.1228,0.1681,0.1589,0.096,0.1049,0.1551,0.1337,0.1062,0.1121,0.1102,0.1299,0.1127,0.1117,0.1294,0,0.111,0.1452,0.1194,0.1416,0.1244,0.1457,0.1379,0.1181,0.1148,0.1785,0.1112,0.1435,0.0967,0.1137,0.1204,0.1694,0.1614,0.1025,0.1185,0.1051,0.1841,0.135,0.1342,0.0905,0.1221],[0.0719,0.1301,0.1157,0.087,0.1125,0.138,0.0936,0.0378,0.0947,0.089,0.0502,0.0273,0.1525,0.1572,0.0632,0.0939,0.1129,0.0946,0.1444,0.018,0.1396,0.1458,0.1166,0.1093,0.1016,0.0689,0.102,0.1256,0.0744,0.131,0.1249,0.1353,0.0994,0.0944,0.0253,0.1174,0.1183,0.1349,0.2007,0.0801,0.1276,0.2056,0.1153,0.1193,0.0977,0.1428,0.1393,0.0209,0.0624,0.1754,0.1372,0.1645,0.1423,0.1333,0.111,0,0.1735,0.1213,0.1747,0.1087,0.1499,0.1225,0.1561,0.0873,0.1579,0.1219,0.1573,0.1213,0.1632,0.0997,0.1375,0.2049,0.1176,0.1438,0.0887,0.1694,0.1169,0.143,0.1319,0.0968],[0.1419,0.1633,0.169,0.1769,0.1667,0.1947,0.141,0.1574,0.2071,0.1438,0.1836,0.1672,0.131,0.1816,0.1593,0.1573,0.1651,0.1391,0.1744,0.1699,0.1282,0.1829,0.1733,0.1679,0.1168,0.1543,0.1461,0.166,0.1756,0.1247,0.1734,0.1801,0.1159,0.1696,0.1667,0.1529,0.1997,0.1574,0.1517,0.1685,0.1731,0.2167,0.2033,0.1394,0.1581,0.1963,0.113,0.1801,0.1563,0.1662,0.0956,0.1924,0.1662,0.1124,0.1452,0.1735,0,0.1756,0.175,0.1851,0.2093,0.1415,0.175,0.1746,0.1988,0.1356,0.1938,0.1636,0.1468,0.1684,0.199,0.1867,0.1777,0.1114,0.1559,0.1756,0.1938,0.0834,0.1591,0.1371],[0.092,0.1413,0.0854,0.1211,0.105,0.1139,0.1403,0.1166,0.141,0.1003,0.1416,0.1153,0.159,0.1608,0.1134,0.1575,0.1264,0.1137,0.1247,0.1355,0.1478,0.1256,0.1072,0.1108,0.1648,0.1233,0.1246,0.0939,0.0957,0.1547,0.1306,0.1244,0.1466,0.0707,0.1276,0.1136,0.1299,0.113,0.1787,0.0937,0.1278,0.1442,0.0654,0.1329,0.1125,0.1476,0.1788,0.1336,0.1132,0.1609,0.1415,0.1118,0.1056,0.1284,0.1194,0.1213,0.1756,0,0.1383,0.1158,0.137,0.1693,0.1381,0.1188,0.1738,0.113,0.0761,0.132,0.1715,0.0948,0.1254,0.1712,0.1168,0.1643,0.106,0.145,0.0944,0.1663,0.0922,0.1316],[0.1638,0.1594,0.152,0.1588,0.1497,0.1661,0.1481,0.1602,0.1405,0.1326,0.1716,0.1733,0.1723,0.1635,0.1595,0.1801,0.1601,0.1385,0.1343,0.1724,0.151,0.1297,0.161,0.1313,0.1712,0.1594,0.1556,0.1257,0.155,0.1757,0.1187,0.0756,0.1484,0.1534,0.17,0.1505,0.1426,0.1227,0.1675,0.1579,0.1391,0.081,0.1532,0.1546,0.15,0.1219,0.1849,0.1731,0.1568,0.1494,0.125,0.0847,0.1508,0.1132,0.1416,0.1747,0.175,0.1383,0,0.1683,0.1513,0.1757,0.1204,0.1723,0.1764,0.1167,0.1415,0.1456,0.1492,0.149,0.1508,0.1415,0.1593,0.1327,0.1537,0.1604,0.1748,0.1798,0.1311,0.1302],[0.0986,0.1401,0.134,0.1081,0.0792,0.0331,0.1401,0.1053,0.1537,0.109,0.127,0.1131,0.1598,0.1204,0.1107,0.1356,0.1282,0.131,0.1263,0.0997,0.1586,0.1774,0.048,0.1504,0.1532,0.127,0.1422,0.1157,0.0986,0.1485,0.13,0.1015,0.1346,0.1024,0.1072,0.1431,0.1292,0.1556,0.2176,0.1117,0.1469,0.1789,0.114,0.1537,0.1249,0.1345,0.17,0.0958,0.115,0.1504,0.1393,0.1335,0.0846,0.1299,0.1244,0.1087,0.1851,0.1158,0.1683,0,0.1152,0.1632,0.1438,0.0526,0.205,0.144,0.1418,0.1272,0.168,0.0442,0.1611,0.1597,0.1408,0.1461,0.1196,0.1716,0.0961,0.173,0.1096,0.1439],[0.1387,0.1879,0.1584,0.1326,0.1324,0.1252,0.1563,0.1418,0.154,0.1331,0.1463,0.1506,0.219,0.1402,0.1435,0.186,0.1354,0.1669,0.1432,0.1444,0.1972,0.1764,0.1294,0.1699,0.1894,0.1451,0.1608,0.1527,0.1358,0.1684,0.141,0.1283,0.1684,0.1177,0.1487,0.1564,0.1406,0.1508,0.179,0.1124,0.159,0.1649,0.1138,0.2021,0.1506,0.1599,0.181,0.1395,0.145,0.1721,0.1655,0.1546,0.1347,0.1417,0.1457,0.1499,0.2093,0.137,0.1513,0.1152,0,0.1688,0.1236,0.0969,0.176,0.1549,0.1186,0.1315,0.1573,0.1338,0.1229,0.1672,0.1767,0.16,0.1396,0.1799,0.093,0.1674,0.0939,0.1671],[0.1203,0.1664,0.1557,0.1194,0.1449,0.1864,0.1375,0.124,0.1418,0.1381,0.1214,0.1295,0.1463,0.0947,0.1284,0.1228,0.1634,0.1093,0.15,0.1238,0.1536,0.1399,0.1413,0.1172,0.0895,0.113,0.1147,0.1766,0.1511,0.1536,0.1399,0.1808,0.1003,0.1572,0.1248,0.1591,0.1328,0.1519,0.1693,0.1525,0.1167,0.2311,0.1911,0.1482,0.1277,0.1175,0.0774,0.1174,0.1256,0.188,0.1373,0.1883,0.1602,0.1624,0.1379,0.1225,0.1415,0.1693,0.1757,0.1632,0.1688,0,0.1714,0.1424,0.1844,0.1154,0.2043,0.1244,0.1214,0.1482,0.1482,0.2011,0.1345,0.1325,0.1222,0.1698,0.1785,0.1094,0.15,0.1156],[0.1249,0.1436,0.1604,0.1625,0.113,0.1333,0.1354,0.1196,0.1617,0.1085,0.1435,0.1411,0.1687,0.1739,0.1214,0.1792,0.1121,0.1553,0.1727,0.1521,0.1562,0.1846,0.1484,0.1322,0.1626,0.1236,0.1323,0.1188,0.1409,0.161,0.1417,0.1091,0.1354,0.1438,0.1403,0.147,0.154,0.1525,0.1878,0.1253,0.1369,0.1401,0.1445,0.1524,0.121,0.1607,0.1706,0.1529,0.1185,0.1268,0.137,0.1585,0.0991,0.1243,0.1181,0.1561,0.175,0.1381,0.1204,0.1438,0.1236,0.1714,0,0.1273,0.1944,0.1257,0.1067,0.0967,0.1559,0.1547,0.1734,0.1415,0.1634,0.1149,0.1224,0.2052,0.1606,0.1529,0.0781,0.1552],[0.0976,0.1455,0.1234,0.0858,0.0943,0.0889,0.1093,0.0822,0.1308,0.0959,0.0962,0.0915,0.1487,0.1466,0.0886,0.1305,0.1105,0.1065,0.1345,0.0804,0.1562,0.1462,0.0987,0.1154,0.1407,0.1007,0.1051,0.1146,0.0754,0.1326,0.1098,0.1198,0.1198,0.0976,0.0867,0.1119,0.1033,0.1287,0.1945,0.0872,0.1153,0.1792,0.1082,0.1496,0.1031,0.1591,0.1433,0.0744,0.0947,0.1475,0.1444,0.1534,0.1257,0.1287,0.1148,0.0873,0.1746,0.1188,0.1723,0.0526,0.0969,0.1424,0.1273,0,0.1691,0.1142,0.1355,0.1027,0.1697,0.085,0.1227,0.1784,0.1502,0.1517,0.0983,0.1655,0.0831,0.1376,0.0886,0.1084],[0.1577,0.1663,0.1689,0.1555,0.1808,0.2391,0.1367,0.1392,0.1266,0.1343,0.1427,0.1519,0.1792,0.2117,0.1257,0.1789,0.1637,0.171,0.1304,0.1492,0.1768,0.1429,0.2078,0.1396,0.1788,0.1253,0.122,0.148,0.164,0.1432,0.1348,0.1509,0.1633,0.1876,0.1455,0.1362,0.1354,0.1344,0.2038,0.1568,0.1427,0.1827,0.1803,0.1463,0.1203,0.1626,0.1961,0.1577,0.1344,0.2073,0.1691,0.1729,0.2035,0.1706,0.1785,0.1579,0.1988,0.1738,0.1764,0.205,0.176,0.1844,0.1944,0.1691,0,0.1433,0.179,0.1731,0.1708,0.2059,0.1785,0.1681,0.1536,0.1637,0.1324,0.1941,0.1679,0.1494,0.1738,0.1647],[0.0952,0.135,0.12,0.1209,0.1168,0.1736,0.1163,0.0909,0.1319,0.0767,0.112,0.1177,0.1388,0.1553,0.0863,0.1338,0.137,0.1164,0.1309,0.118,0.1278,0.0748,0.1487,0.0943,0.1321,0.0969,0.0878,0.1076,0.1243,0.1058,0.0594,0.1104,0.1124,0.1373,0.1043,0.0994,0.0923,0.0435,0.1769,0.1072,0.0746,0.1708,0.1598,0.1205,0.0952,0.1184,0.1388,0.1183,0.0912,0.1443,0.0913,0.1476,0.136,0.1018,0.1112,0.1219,0.1356,0.113,0.1167,0.144,0.1549,0.1154,0.1257,0.1142,0.1433,0,0.1558,0.1111,0.1292,0.1434,0.152,0.1708,0.1193,0.1145,0.1015,0.1375,0.1252,0.1142,0.1149,0.1069],[0.1494,0.153,0.1281,0.1534,0.1194,0.1232,0.1579,0.1672,0.1421,0.1482,0.1768,0.1428,0.2155,0.1937,0.1596,0.1971,0.1134,0.1324,0.1615,0.1724,0.2014,0.1495,0.1315,0.1356,0.1949,0.1398,0.1533,0.1041,0.1209,0.1745,0.1608,0.1283,0.1849,0.0619,0.172,0.1205,0.1447,0.1518,0.2014,0.1084,0.1498,0.1181,0.076,0.1341,0.1423,0.1605,0.2109,0.1696,0.1553,0.1606,0.1675,0.1193,0.0957,0.1531,0.1435,0.1573,0.1938,0.0761,0.1415,0.1418,0.1186,0.2043,0.1067,0.1355,0.179,0.1558,0,0.1422,0.1819,0.1269,0.1308,0.183,0.1365,0.1775,0.1456,0.1877,0.1223,0.1902,0.0691,0.1568],[0.1096,0.1394,0.1296,0.116,0.1163,0.1374,0.1196,0.1013,0.1305,0.0981,0.1143,0.1166,0.1572,0.1612,0.1043,0.1481,0.0766,0.1347,0.1676,0.1187,0.1221,0.132,0.141,0.1113,0.1205,0.0989,0.1075,0.1154,0.1238,0.1074,0.1175,0.1136,0.1189,0.1214,0.1143,0.1216,0.1307,0.1333,0.1344,0.1105,0.1019,0.1754,0.1455,0.1237,0.1151,0.1638,0.1324,0.1181,0.1071,0.1379,0.1247,0.1656,0.1304,0.129,0.0967,0.1213,0.1636,0.132,0.1456,0.1272,0.1315,0.1244,0.0967,0.1027,0.1731,0.1111,0.1422,0,0.1126,0.1365,0.1247,0.1718,0.1437,0.1054,0.102,0.1808,0.1344,0.1302,0.101,0.1317],[0.1426,0.1647,0.1701,0.1728,0.152,0.1785,0.1475,0.1432,0.1569,0.1274,0.1645,0.1555,0.1771,0.1183,0.1508,0.1531,0.1601,0.153,0.1386,0.1601,0.141,0.1513,0.1542,0.1484,0.1145,0.1368,0.1429,0.1411,0.1727,0.1374,0.1339,0.1393,0.1607,0.1674,0.152,0.1761,0.1519,0.1374,0.1768,0.1687,0.1287,0.1662,0.1926,0.1373,0.155,0.1063,0.1405,0.1645,0.1488,0.1839,0.0891,0.158,0.1541,0.138,0.1137,0.1632,0.1468,0.1715,0.1492,0.168,0.1573,0.1214,0.1559,0.1697,0.1708,0.1292,0.1819,0.1126,0,0.162,0.1783,0.1265,0.1206,0.0744,0.1407,0.1877,0.1684,0.1284,0.161,0.1537],[0.0873,0.1321,0.1275,0.1186,0.0818,0.0475,0.1342,0.1156,0.1463,0.1163,0.143,0.1083,0.1451,0.1212,0.1198,0.1249,0.1329,0.1013,0.1266,0.1016,0.1552,0.1677,0.0296,0.1421,0.1358,0.1239,0.138,0.1119,0.1082,0.1615,0.1353,0.1014,0.1317,0.0694,0.1126,0.1291,0.1309,0.1563,0.2058,0.1124,0.1524,0.1739,0.0924,0.138,0.119,0.1235,0.1759,0.1006,0.1211,0.1382,0.138,0.1097,0.0734,0.1329,0.1204,0.0997,0.1684,0.0948,0.149,0.0442,0.1338,0.1482,0.1547,0.085,0.2059,0.1434,0.1269,0.1365,0.162,0,0.1432,0.1812,0.1178,0.1457,0.1326,0.1702,0.1165,0.1753,0.1002,0.1255],[0.1516,0.1621,0.1251,0.1108,0.1489,0.1675,0.1411,0.1566,0.1176,0.1655,0.1526,0.1286,0.1881,0.1787,0.1501,0.1642,0.1245,0.1012,0.1766,0.1393,0.1796,0.1224,0.1549,0.1176,0.1406,0.1079,0.1263,0.1771,0.1155,0.1712,0.1416,0.1803,0.1517,0.1074,0.1473,0.1513,0.1335,0.1455,0.1517,0.1264,0.1263,0.1598,0.1188,0.1496,0.1229,0.1675,0.1726,0.1439,0.1432,0.2011,0.1666,0.1787,0.1574,0.1573,0.1694,0.1375,0.199,0.1254,0.1508,0.1611,0.1229,0.1482,0.1734,0.1227,0.1785,0.152,0.1308,0.1247,0.1783,0.1432,0,0.2464,0.1508,0.1908,0.1185,0.1554,0.1427,0.1578,0.1183,0.1277],[0.1721,0.1825,0.2045,0.2025,0.1744,0.1629,0.1752,0.1755,0.2016,0.1329,0.1868,0.2039,0.187,0.1545,0.1815,0.1864,0.2043,0.2088,0.121,0.2037,0.1633,0.2043,0.1763,0.2024,0.1886,0.2067,0.2009,0.1421,0.1864,0.1867,0.1664,0.1072,0.1863,0.2071,0.1934,0.2041,0.1871,0.1803,0.248,0.1876,0.1935,0.1229,0.17,0.1907,0.1966,0.1313,0.1823,0.1934,0.1875,0.1644,0.1488,0.1149,0.1681,0.1578,0.1614,0.2049,0.1867,0.1712,0.1415,0.1597,0.1672,0.2011,0.1415,0.1784,0.1681,0.1708,0.183,0.1718,0.1265,0.1812,0.2464,0,0.1739,0.1235,0.18,0.1886,0.1636,0.1711,0.1879,0.1934],[0.0912,0.1121,0.1392,0.1519,0.102,0.1627,0.1077,0.1168,0.0974,0.0961,0.1326,0.1035,0.1514,0.1302,0.1169,0.1131,0.1351,0.1113,0.1184,0.1198,0.1399,0.1319,0.116,0.0909,0.1144,0.0885,0.0907,0.1161,0.1303,0.1401,0.1113,0.1376,0.1376,0.1272,0.1196,0.1249,0.1055,0.124,0.2302,0.1214,0.1129,0.1684,0.1556,0.1049,0.0964,0.0908,0.1497,0.1283,0.1082,0.1752,0.1235,0.1264,0.1191,0.1651,0.1025,0.1176,0.1777,0.1168,0.1593,0.1408,0.1767,0.1345,0.1634,0.1502,0.1536,0.1193,0.1365,0.1437,0.1206,0.1178,0.1508,0.1739,0,0.1372,0.114,0.1535,0.14