{"types":{"input":["r","k"],"output":"w"},"D":{"w":[[0,0.464,0.6173,0.3806,0.6005,0.5388,0.7416,0.5388,0.5081,0.6983,0.5662,0.5492,0.5797,0.7611,0.6852,0.7197,0.7169,0.6577,0.6282,0.6576,0.6496,0.5541,0.6356,0.7404,0.6438,0.6398,0.5664,0.7787,0.4176,0.5825,0.6952,0.5398,0.6101,0.6365,0.6785,0.5721,0.6005,0.6776,0.6232,0.7886,0.5681,0.745],[0.464,0,0.7689,0.5586,0.5785,0.6914,0.7604,0.6452,0.4599,0.8042,0.56,0.6965,0.6938,0.7131,0.7803,0.5386,0.8358,0.7292,0.6713,0.7566,0.7,0.6556,0.6012,0.7865,0.6799,0.7294,0.6478,0.7306,0.6621,0.5834,0.7732,0.6381,0.6234,0.727,0.6943,0.5756,0.5258,0.7171,0.6343,0.7688,0.6876,0.6921],[0.6173,0.7689,0,0.6578,0.6113,0.5118,0.6467,0.5691,0.6941,0.5261,0.6069,0.6132,0.5744,0.7636,0.7321,0.763,0.6903,0.7543,0.7357,0.6494,0.7634,0.6322,0.7298,0.6416,0.6389,0.6009,0.5789,0.8415,0.6702,0.7368,0.6926,0.7163,0.8207,0.6269,0.7912,0.685,0.7586,0.7736,0.6581,0.7665,0.6589,0.7817],[0.3806,0.5586,0.6578,0,0.7391,0.644,0.7747,0.5318,0.5989,0.7037,0.6336,0.568,0.6122,0.7082,0.7288,0.7863,0.6783,0.707,0.6835,0.7653,0.6326,0.6024,0.6949,0.7407,0.6811,0.6818,0.6899,0.7314,0.4717,0.6851,0.6827,0.6523,0.7151,0.7534,0.6965,0.6526,0.6672,0.5626,0.6588,0.7967,0.5789,0.7198],[0.6005,0.5785,0.6113,0.7391,0,0.6817,0.7567,0.6736,0.6,0.7341,0.6179,0.6173,0.731,0.7997,0.7553,0.664,0.8266,0.7236,0.5229,0.6865,0.757,0.7051,0.6719,0.8245,0.6112,0.6278,0.7038,0.7648,0.6595,0.5983,0.8222,0.6698,0.4771,0.7408,0.7417,0.7102,0.6988,0.803,0.745,0.7042,0.7148,0.7038],[0.5388,0.6914,0.5118,0.644,0.6817,0,0.6397,0.5065,0.6393,0.6311,0.5471,0.6438,0.3867,0.7746,0.7195,0.8022,0.6341,0.6962,0.831,0.5547,0.6927,0.7808,0.8087,0.6779,0.6994,0.6242,0.5238,0.7482,0.6219,0.6422,0.6627,0.5987,0.7476,0.3678,0.7179,0.6304,0.6969,0.7022,0.6027,0.7203,0.5115,0.7043],[0.7416,0.7604,0.6467,0.7747,0.7567,0.6397,0,0.6103,0.6941,0.6943,0.6379,0.7461,0.567,0.576,0.7403,0.7574,0.6407,0.7154,0.7603,0.6872,0.6047,0.7595,0.7658,0.7673,0.7087,0.6568,0.5901,0.6585,0.8213,0.7398,0.7357,0.8104,0.8133,0.7403,0.7301,0.739,0.741,0.7978,0.7241,0.8506,0.6612,0.7577],[0.5388,0.6452,0.5691,0.5318,0.6736,0.5065,0.6103,0,0.5101,0.6473,0.3247,0.5536,0.3687,0.6532,0.6391,0.7337,0.5497,0.6373,0.8066,0.6747,0.6253,0.6675,0.6949,0.7104,0.5133,0.6479,0.6489,0.7471,0.5448,0.6268,0.6223,0.6135,0.7447,0.5647,0.7528,0.5556,0.6223,0.7241,0.5624,0.7245,0.6483,0.7355],[0.5081,0.4599,0.6941,0.5989,0.6,0.6393,0.6941,0.5101,0,0.6861,0.4856,0.7051,0.6443,0.6193,0.7996,0.5734,0.7519,0.7648,0.6978,0.7916,0.6306,0.6075,0.4938,0.7417,0.6727,0.6719,0.7388,0.677,0.6174,0.4849,0.7439,0.6404,0.6133,0.7317,0.6146,0.4449,0.3721,0.7575,0.4616,0.7803,0.575,0.6692],[0.6983,0.8042,0.5261,0.7037,0.7341,0.6311,0.6943,0.6473,0.6861,0,0.6672,0.7371,0.5791,0.671,0.6721,0.7209,0.5952,0.665,0.7889,0.683,0.732,0.6311,0.742,0.4548,0.6356,0.7033,0.7062,0.8004,0.6526,0.7057,0.6625,0.663,0.7533,0.7522,0.7976,0.6878,0.7838,0.7257,0.6214,0.796,0.6313,0.7897],[0.5662,0.56,0.6069,0.6336,0.6179,0.5471,0.6379,0.3247,0.4856,0.6672,0,0.6214,0.4468,0.6981,0.6731,0.634,0.6812,0.6815,0.7547,0.7388,0.6621,0.7118,0.7148,0.7533,0.4955,0.698,0.654,0.75,0.6511,0.6005,0.7416,0.5544,0.6654,0.5491,0.7481,0.5979,0.5733,0.6906,0.6017,0.7054,0.6512,0.6865],[0.5492,0.6965,0.6132,0.568,0.6173,0.6438,0.7461,0.5536,0.7051,0.7371,0.6214,0,0.6425,0.7072,0.6733,0.749,0.712,0.695,0.6279,0.6044,0.7388,0.5882,0.675,0.6755,0.5312,0.3507,0.6417,0.765,0.6166,0.7891,0.6921,0.7823,0.6177,0.6978,0.8191,0.723,0.7625,0.7833,0.7738,0.6475,0.7488,0.7756],[0.5797,0.6938,0.5744,0.6122,0.731,0.3867,0.567,0.3687,0.6443,0.5791,0.4468,0.6425,0,0.6941,0.6149,0.7733,0.5709,0.5915,0.8049,0.69,0.6847,0.7638,0.81,0.6974,0.6258,0.6764,0.5913,0.7469,0.6463,0.6873,0.7375,0.541,0.7317,0.5149,0.7848,0.6258,0.7303,0.638,0.6087,0.6944,0.5504,0.7654],[0.7611,0.7131,0.7636,0.7082,0.7997,0.7746,0.576,0.6532,0.6193,0.671,0.6981,0.7072,0.6941,0,0.7456,0.6639,0.745,0.7169,0.7047,0.782,0.6651,0.7314,0.7562,0.7398,0.7454,0.7692,0.7602,0.378,0.7994,0.7884,0.7324,0.7114,0.7463,0.8008,0.7461,0.7478,0.739,0.7794,0.7293,0.7962,0.7475,0.679],[0.6852,0.7803,0.7321,0.7288,0.7553,0.7195,0.7403,0.6391,0.7996,0.6721,0.6731,0.6733,0.6149,0.7456,0,0.5893,0.5822,0.2193,0.7653,0.6342,0.7527,0.5492,0.7124,0.7336,0.5702,0.6904,0.6181,0.7502,0.6599,0.7506,0.745,0.5511,0.8149,0.6168,0.8171,0.7234,0.8232,0.7496,0.7722,0.6933,0.8368,0.8388],[0.7197,0.5386,0.763,0.7863,0.664,0.8022,0.7574,0.7337,0.5734,0.7209,0.634,0.749,0.7733,0.6639,0.5893,0,0.7534,0.5296,0.784,0.756,0.7349,0.5897,0.4443,0.7158,0.5751,0.6867,0.6923,0.7534,0.6882,0.633,0.7854,0.5913,0.6924,0.7752,0.7564,0.6992,0.6479,0.8232,0.7364,0.7943,0.808,0.7546],[0.7169,0.8358,0.6903,0.6783,0.8266,0.6341,0.6407,0.5497,0.7519,0.5952,0.6812,0.712,0.5709,0.745,0.5822,0.7534,0,0.6264,0.7756,0.6325,0.5979,0.7514,0.8041,0.5515,0.6931,0.7684,0.6478,0.7887,0.6986,0.7777,0.5978,0.7226,0.8676,0.6333,0.7479,0.7346,0.8292,0.7398,0.6874,0.7864,0.7481,0.8135],[0.6577,0.7292,0.7543,0.707,0.7236,0.6962,0.7154,0.6373,0.7648,0.665,0.6815,0.695,0.5915,0.7169,0.2193,0.5296,0.6264,0,0.7954,0.6366,0.7751,0.5968,0.7211,0.7528,0.5885,0.7491,0.6244,0.7502,0.681,0.7079,0.7831,0.4697,0.7835,0.6478,0.7758,0.7417,0.805,0.7517,0.7629,0.7466,0.7989,0.7815],[0.6282,0.6713,0.7357,0.6835,0.5229,0.831,0.7603,0.8066,0.6978,0.7889,0.7547,0.6279,0.8049,0.7047,0.7653,0.784,0.7756,0.7954,0,0.7158,0.7197,0.6435,0.6858,0.7794,0.7185,0.6235,0.7891,0.7164,0.7584,0.7449,0.8011,0.8077,0.6275,0.8221,0.7901,0.7897,0.7301,0.8089,0.797,0.8275,0.7454,0.7475],[0.6576,0.7566,0.6494,0.7653,0.6865,0.5547,0.6872,0.6747,0.7916,0.683,0.7388,0.6044,0.69,0.782,0.6342,0.756,0.6325,0.6366,0.7158,0,0.7703,0.6866,0.7963,0.6736,0.6019,0.6138,0.4615,0.7612,0.7584,0.7529,0.7482,0.7411,0.739,0.574,0.8337,0.827,0.8219,0.8013,0.8275,0.7818,0.6806,0.7764],[0.6496,0.7,0.7634,0.6326,0.757,0.6927,0.6047,0.6253,0.6306,0.732,0.6621,0.7388,0.6847,0.6651,0.7527,0.7349,0.5979,0.7751,0.7197,0.7703,0,0.7358,0.7055,0.8029,0.6963,0.7873,0.7701,0.6796,0.7029,0.6598,0.7607,0.7892,0.7522,0.7879,0.5643,0.7121,0.6995,0.7971,0.685,0.8144,0.6891,0.671],[0.5541,0.6556,0.6322,0.6024,0.7051,0.7808,0.7595,0.6675,0.6075,0.6311,0.7118,0.5882,0.7638,0.7314,0.5492,0.5897,0.7514,0.5968,0.6435,0.6866,0.7358,0,0.3712,0.7256,0.5049,0.4784,0.6472,0.7135,0.5449,0.6797,0.7276,0.6859,0.7029,0.7324,0.7973,0.6844,0.6835,0.7394,0.7182,0.7844,0.7553,0.7671],[0.6356,0.6012,0.7298,0.6949,0.6719,0.8087,0.7658,0.6949,0.4938,0.742,0.7148,0.675,0.81,0.7562,0.7124,0.4443,0.8041,0.7211,0.6858,0.7963,0.7055,0.3712,0,0.7709,0.6238,0.5604,0.7204,0.7177,0.6761,0.5894,0.8212,0.7365,0.6627,0.8246,0.7281,0.6321,0.5736,0.8064,0.6795,0.7748,0.7647,0.7581],[0.7404,0.7865,0.6416,0.7407,0.8245,0.6779,0.7673,0.7104,0.7417,0.4548,0.7533,0.6755,0.6974,0.7398,0.7336,0.7158,0.5515,0.7528,0.7794,0.6736,0.8029,0.7256,0.7709,0,0.7145,0.6881,0.6278,0.833,0.7456,0.7228,0.6668,0.7551,0.7973,0.7019,0.6866,0.7217,0.749,0.7452,0.6864,0.8151,0.6802,0.7713],[0.6438,0.6799,0.6389,0.6811,0.6112,0.6994,0.7087,0.5133,0.6727,0.6356,0.4955,0.5312,0.6258,0.7454,0.5702,0.5751,0.6931,0.5885,0.7185,0.6019,0.6963,0.5049,0.6238,0.7145,0,0.5628,0.5179,0.7579,0.6891,0.7429,0.7649,0.5924,0.6899,0.6259,0.816,0.7351,0.7667,0.8134,0.7586,0.7542,0.7977,0.8034],[0.6398,0.7294,0.6009,0.6818,0.6278,0.6242,0.6568,0.6479,0.6719,0.7033,0.698,0.3507,0.6764,0.7692,0.6904,0.6867,0.7684,0.7491,0.6235,0.6138,0.7873,0.4784,0.5604,0.6881,0.5628,0,0.5827,0.7799,0.6751,0.7896,0.7092,0.8024,0.6724,0.7096,0.7963,0.7294,0.7633,0.8079,0.7442,0.7531,0.6921,0.7602],[0.5664,0.6478,0.5789,0.6899,0.7038,0.5238,0.5901,0.6489,0.7388,0.7062,0.654,0.6417,0.5913,0.7602,0.6181,0.6923,0.6478,0.6244,0.7891,0.4615,0.7701,0.6472,0.7204,0.6278,0.5179,0.5827,0,0.7825,0.7247,0.7283,0.8152,0.6849,0.7951,0.4782,0.7905,0.7271,0.8061,0.7477,0.7666,0.7583,0.7016,0.8324],[0.7787,0.7306,0.8415,0.7314,0.7648,0.7482,0.6585,0.7471,0.677,0.8004,0.75,0.765,0.7469,0.378,0.7502,0.7534,0.7887,0.7502,0.7164,0.7612,0.6796,0.7135,0.7177,0.833,0.7579,0.7799,0.7825,0,0.7783,0.784,0.7861,0.7684,0.7182,0.7663,0.7004,0.7368,0.7665,0.8039,0.7396,0.7857,0.7295,0.622],[0.4176,0.6621,0.6702,0.4717,0.6595,0.6219,0.8213,0.5448,0.6174,0.6526,0.6511,0.6166,0.6463,0.7994,0.6599,0.6882,0.6986,0.681,0.7584,0.7584,0.7029,0.5449,0.6761,0.7456,0.6891,0.6751,0.7247,0.7783,0,0.4452,0.6822,0.5174,0.6791,0.7103,0.7268,0.5338,0.5867,0.6952,0.5902,0.7942,0.6981,0.7196],[0.5825,0.5834,0.7368,0.6851,0.5983,0.6422,0.7398,0.6268,0.4849,0.7057,0.6005,0.7891,0.6873,0.7884,0.7506,0.633,0.7777,0.7079,0.7449,0.7529,0.6598,0.6797,0.5894,0.7228,0.7429,0.7896,0.7283,0.784,0.4452,0,0.768,0.5344,0.6178,0.7056,0.7166,0.5659,0.4833,0.7157,0.6026,0.8335,0.6489,0.6887],[0.6952,0.7732,0.6926,0.6827,0.8222,0.6627,0.7357,0.6223,0.7439,0.6625,0.7416,0.6921,0.7375,0.7324,0.745,0.7854,0.5978,0.7831,0.8011,0.7482,0.7607,0.7276,0.8212,0.6668,0.7649,0.7092,0.8152,0.7861,0.6822,0.768,0,0.7453,0.8229,0.6851,0.6395,0.7446,0.7913,0.642,0.7716,0.8394,0.7829,0.6255],[0.5398,0.6381,0.7163,0.6523,0.6698,0.5987,0.8104,0.6135,0.6404,0.663,0.5544,0.7823,0.541,0.7114,0.5511,0.5913,0.7226,0.4697,0.8077,0.7411,0.7892,0.6859,0.7365,0.7551,0.5924,0.8024,0.6849,0.7684,0.5174,0.5344,0.7453,0,0.7168,0.6094,0.6963,0.5683,0.6794,0.7146,0.5652,0.7628,0.6986,0.6459],[0.6101,0.6234,0.8207,0.7151,0.4771,0.7476,0.8133,0.7447,0.6133,0.7533,0.6654,0.6177,0.7317,0.7463,0.8149,0.6924,0.8676,0.7835,0.6275,0.739,0.7522,0.7029,0.6627,0.7973,0.6899,0.6724,0.7951,0.7182,0.6791,0.6178,0.8229,0.7168,0,0.7671,0.8014,0.7229,0.7014,0.7842,0.7571,0.7257,0.7259,0.7789],[0.6365,0.727,0.6269,0.7534,0.7408,0.3678,0.7403,0.5647,0.7317,0.7522,0.5491,0.6978,0.5149,0.8008,0.6168,0.7752,0.6333,0.6478,0.8221,0.574,0.7879,0.7324,0.8246,0.7019,0.6259,0.7096,0.4782,0.7663,0.7103,0.7056,0.6851,0.6094,0.7671,0,0.7798,0.7188,0.734,0.7149,0.7118,0.7,0.6295,0.7596],[0.6785,0.6943,0.7912,0.6965,0.7417,0.7179,0.7301,0.7528,0.6146,0.7976,0.7481,0.8191,0.7848,0.7461,0.8171,0.7564,0.7479,0.7758,0.7901,0.8337,0.5643,0.7973,0.7281,0.6866,0.816,0.7963,0.7905,0.7004,0.7268,0.7166,0.6395,0.6963,0.8014,0.7798,0,0.7117,0.7076,0.7956,0.6862,0.8449,0.6969,0.537],[0.5721,0.5756,0.685,0.6526,0.7102,0.6304,0.739,0.5556,0.4449,0.6878,0.5979,0.723,0.6258,0.7478,0.7234,0.6992,0.7346,0.7417,0.7897,0.827,0.7121,0.6844,0.6321,0.7217,0.7351,0.7294,0.7271,0.7368,0.5338,0.5659,0.7446,0.5683,0.7229,0.7188,0.7117,0,0.4074,0.7154,0.2061,0.6598,0.5914,0.6747],[0.6005,0.5258,0.7586,0.6672,0.6988,0.6969,0.741,0.6223,0.3721,0.7838,0.5733,0.7625,0.7303,0.739,0.8232,0.6479,0.8292,0.805,0.7301,0.8219,0.6995,0.6835,0.5736,0.749,0.7667,0.7633,0.8061,0.7665,0.5867,0.4833,0.7913,0.6794,0.7014,0.734,0.7076,0.4074,0,0.7765,0.5004,0.6834,0.5987,0.7364],[0.6776,0.7171,0.7736,0.5626,0.803,0.7022,0.7978,0.7241,0.7575,0.7257,0.6906,0.7833,0.638,0.7794,0.7496,0.8232,0.7398,0.7517,0.8089,0.8013,0.7971,0.7394,0.8064,0.7452,0.8134,0.8079,0.7477,0.8039,0.6952,0.7157,0.642,0.7146,0.7842,0.7149,0.7956,0.7154,0.7765,0,0.7072,0.6439,0.6356,0.7165],[0.6232,0.6343,0.6581,0.6588,0.745,0.6027,0.7241,0.5624,0.4616,0.6214,0.6017,0.7738,0.6087,0.7293,0.7722,0.7364,0.6874,0.7629,0.797,0.8275,0.685,0.7182,0.6795,0.6864,0.7586,0.7442,0.7666,0.7396,0.5902,0.6026,0.7716,0.5652,0.7571,0.7118,0.6862,0.2061,0.5004,0.7072,0,0.6575,0.5203,0.6688],[0.7886,0.7688,0.7665,0.7967,0.7042,0.7203,0.8506,0.7245,0.7803,0.796,0.7054,0.6475,0.6944,0.7962,0.6933,0.7943,0.7864,0.7466,0.8275,0.7818,0.8144,0.7844,0.7748,0.8151,0.7542,0.7531,0.7583,0.7857,0.7942,0.8335,0.8394,0.7628,0.7257,0.7,0.8449,0.6598,0.6834,0.6439,0.6575,0,0.6944,0.779],[0.5681,0.6876,0.6589,0.5789,0.7148,0.5115,0.6612,0.6483,0.575,0.6313,0.6512,0.7488,0.5504,0.7475,0.8368,0.808,0.7481,0.7989,0.7454,0.6806,0.6891,0.7553,0.7647,0.6802,0.7977,0.6921,0.7016,0.7295,0.6981,0.6489,0.7829,0.6986,0.7259,0.6295,0.6969,0.5914,0.5987,0.6356,0.5203,0.6944,0,0.633],[0.745,0.6921,0.7817,0.7198,0.7038,0.7043,0.7577,0.7355,0.6692,0.7897,0.6865,0.7756,0.7654,0.679,0.8388,0.7546,0.8135,0.7815,0.7475,0.7764,0.671,0.7671,0.7581,0.7713,0.8034,0.7602,0.8324,0.622,0.7196,0.6887,0.6255,0.6459,0.7789,0.7596,0.537,0.6747,0.7364,0.7165,0.6688,0.779,0.633,0]],"k":[[0,0,0,0,0,0,0,0.1308,0.1308,0.1308,0.1308,0.1308,0.1308,0.1308,0.3032,0.3032,0.3032,0.3032,0.3032,0.3032,0.3032,0.1906,0.1906,0.1906,0.1906,0.1906,0.1906,0.1906,0.363,0.363,0.363,0.363,0.363,0.363,0.363,0.2323,0.2323,0.2323,0.2323,0.2323,0.2323,0.2323],[0,0,0,0,0,0,0,0.1308,0.1308,0.1308,0.1308,0.1308,0.1308,0.1308,0.3032,0.3032,0.3032,0.3032,0.3032,0.3032,0.3032,0.1906,0.1906,0.1906,0.1906,0.1906,0.1906,0.1906,0.363,0.363,0.363,0.363,0.363,0.363,0.363,0.2323,0.2323,0.2323,0.2323,0.2323,0.2323,0.2323],[0,0,0,0,0,0,0,0.1308,0.1308,0.1308,0.1308,0.1308,0.1308,0.1308,0.3032,0.3032,0.3032,0.3032,0.3032,0.3032,0.3032,0.1906,0.1906,0.1906,0.1906,0.1906,0.1906,0.1906,0.363,0.363,0.363,0.363,0.363,0.363,0.363,0.2323,0.2323,0.2323,0.2323,0.2323,0.2323,0.2323],[0,0,0,0,0,0,0,0.1308,0.1308,0.1308,0.1308,0.1308,0.1308,0.1308,0.3032,0.3032,0.3032,0.3032,0.3032,0.3032,0.3032,0.1906,0.1906,0.1906,0.1906,0.1906,0.1906,0.1906,0.363,0.363,0.363,0.363,0.363,0.363,0.363,0.2323,0.2323,0.2323,0.2323,0.2323,0.2323,0.2323],[0,0,0,0,0,0,0,0.1308,0.1308,0.1308,0.1308,0.1308,0.1308,0.1308,0.3032,0.3032,0.3032,0.3032,0.3032,0.3032,0.3032,0.1906,0.1906,0.1906,0.1906,0.1906,0.1906,0.1906,0.363,0.363,0.363,0.363,0.363,0.363,0.363,0.2323,0.2323,0.2323,0.2323,0.2323,0.2323,0.2323],[0,0,0,0,0,0,0,0.1308,0.1308,0.1308,0.1308,0.1308,0.1308,0.1308,0.3032,0.3032,0.3032,0.3032,0.3032,0.3032,0.3032,0.1906,0.1906,0.1906,0.1906,0.1906,0.1906,0.1906,0.363,0.363,0.363,0.363,0.363,0.363,0.363,0.2323,0.2323,0.2323,0.2323,0.2323,0.2323,0.2323],[0,0,0,0,0,0,0,0.1308,0.1308,0.1308,0.1308,0.1308,0.1308,0.1308,0.3032,0.3032,0.3032,0.3032,0.3032,0.3032,0.3032,0.1906,0.1906,0.1906,0.1906,0.1906,0.1906,0.1906,0.363,0.363,0.363,0.363,0.363,0.363,0.363,0.2323,0.2323,0.2323,0.2323,0.2323,0.2323,0.2323],[0.1308,0.1308,0.1308,0.1308,0.1308,0.1308,0.1308,0,0,0,0,0,0,0,0.1725,0.1725,0.1725,0.1725,0.1725,0.1725,0.1725,0.0598,0.0598,0.0598,0.0598,0.0598,0.0598,0.0598,0.2323,0.2323,0.2323,0.2323,0.2323,0.2323,0.2323,0.363,0.363,0.363,0.363,0.363,0.363,0.363],[0.1308,0.1308,0.1308,0.1308,0.1308,0.1308,0.1308,0,0,0,0,0,0,0,0.1725,0.1725,0.1725,0.1725,0.1725,0.1725,0.1725,0.0598,0.0598,0.0598,0.0598,0.0598,0.0598,0.0598,0.2323,0.2323,0.2323,0.2323,0.2323,0.2323,0.2323,0.363,0.363,0.363,0.363,0.363,0.363,0.363],[0.1308,0.1308,0.1308,0.1308,0.1308,0.1308,0.1308,0,0,0,0,0,0,0,0.1725,0.1725,0.1725,0.1725,0.1725,0.1725,0.1725,0.0598,0.0598,0.0598,0.0598,0.0598,0.0598,0.0598,0.2323,0.2323,0.2323,0.2323,0.2323,0.2323,0.2323,0.363,0.363,0.363,0.363,0.363,0.363,0.363],[0.1308,0.1308,0.1308,0.1308,0.1308,0.1308,0.1308,0,0,0,0,0,0,0,0.1725,0.1725,0.1725,0.1725,0.1725,0.1725,0.1725,0.0598,0.0598,0.0598,0.0598,0.0598,0.0598,0.0598,0.2323,0.2323,0.2323,0.2323,0.2323,0.2323,0.2323,0.363,0.363,0.363,0.363,0.363,0.363,0.363],[0.1308,0.1308,0.1308,0.1308,0.1308,0.1308,0.1308,0,0,0,0,0,0,0,0.1725,0.1725,0.1725,0.1725,0.1725,0.1725,0.1725,0.0598,0.0598,0.0598,0.0598,0.0598,0.0598,0.0598,0.2323,0.2323,0.2323,0.2323,0.2323,0.2323,0.2323,0.363,0.363,0.363,0.363,0.363,0.363,0.363],[0.1308,0.1308,0.1308,0.1308,0.1308,0.1308,0.1308,0,0,0,0,0,0,0,0.1725,0.1725,0.1725,0.1725,0.1725,0.1725,0.1725,0.0598,0.0598,0.0598,0.0598,0.0598,0.0598,0.0598,0.2323,0.2323,0.2323,0.2323,0.2323,0.2323,0.2323,0.363,0.363,0.363,0.363,0.363,0.363,0.363],[0.1308,0.1308,0.1308,0.1308,0.1308,0.1308,0.1308,0,0,0,0,0,0,0,0.1725,0.1725,0.1725,0.1725,0.1725,0.1725,0.1725,0.0598,0.0598,0.0598,0.0598,0.0598,0.0598,0.0598,0.2323,0.2323,0.2323,0.2323,0.2323,0.2323,0.2323,0.363,0.363,0.363,0.363,0.363,0.363,0.363],[0.3032,0.3032,0.3032,0.3032,0.3032,0.3032,0.3032,0.1725,0.1725,0.1725,0.1725,0.1725,0.1725,0.1725,0,0,0,0,0,0,0,0.2323,0.2323,0.2323,0.2323,0.2323,0.2323,0.2323,0.0598,0.0598,0.0598,0.0598,0.0598,0.0598,0.0598,0.1906,0.1906,0.1906,0.1906,0.1906,0.1906,0.1906],[0.3032,0.3032,0.3032,0.3032,0.3032,0.3032,0.3032,0.1725,0.1725,0.1725,0.1725,0.1725,0.1725,0.1725,0,0,0,0,0,0,0,0.2323,0.2323,0.2323,0.2323,0.2323,0.2323,0.2323,0.0598,0.0598,0.0598,0.0598,0.0598,0.0598,0.0598,0.1906,0.1906,0.1906,0.1906,0.1906,0.1906,0.1906],[0.3032,0.3032,0.3032,0.3032,0.3032,0.3032,0.3032,0.1725,0.1725,0.1725,0.1725,0.1725,0.1725,0.1725,0,0,0,0,0,0,0,0.2323,0.2323,0.2323,0.2323,0.2323,0.2323,0.2323,0.0598,0.0598,0.0598,0.0598,0.0598,0.0598,0.0598,0.1906,0.1906,0.1906,0.1906,0.1906,0.1906,0.1906],[0.3032,0.3032,0.3032,0.3032,0.3032,0.3032,0.3032,0.1725,0.1725,0.1725,0.1725,0.1725,0.1725,0.1725,0,0,0,0,0,0,0,0.2323,0.2323,0.2323,0.2323,0.2323,0.2323,0.2323,0.0598,0.0598,0.0598,0.0598,0.0598,0.0598,0.0598,0.1906,0.1906,0.1906,0.1906,0.1906,0.1906,0.1906],[0.3032,0.3032,0.3032,0.3032,0.3032,0.3032,0.3032,0.1725,0.1725,0.1725,0.1725,0.1725,0.1725,0.1725,0,0,0,0,0,0,0,0.2323,0.2323,0.2323,0.2323,0.2323,0.2323,0.2323,0.0598,0.0598,0.0598,0.0598,0.0598,0.0598,0.0598,0.1906,0.1906,0.1906,0.1906,0.1906,0.1906,0.1906],[0.3032,0.3032,0.3032,0.3032,0.3032,0.3032,0.3032,0.1725,0.1725,0.1725,0.1725,0.1725,0.1725,0.1725,0,0,0,0,0,0,0,0.2323,0.2323,0.2323,0.2323,0.2323,0.2323,0.2323,0.0598,0.0598,0.0598,0.0598,0.0598,0.0598,0.0598,0.1906,0.1906,0.1906,0.1906,0.1906,0.1906,0.1906],[0.3032,0.3032,0.3032,0.3032,0.3032,0.3032,0.3032,0.1725,0.1725,0.1725,0.1725,0.1725,0.1725,0.1725,0,0,0,0,0,0,0,0.2323,0.2323,0.2323,0.2323,0.2323,0.2323,0.2323,0.0598,0.0598,0.0598,0.0598,0.0598,0.0598,0.0598,0.1906,0.1906,0.1906,0.1906,0.1906,0.1906,0.1906],[0.1906,0.1906,0.1906,0.1906,0.1906,0.1906,0.1906,0.0598,0.0598,0.0598,0.0598,0.0598,0.0598,0.0598,0.2323,0.2323,0.2323,0.2323,0.2323,0.2323,0.2323,0,0,0,0,0,0,0,0.1725,0.1725,0.1725,0.1725,0.1725,0.1725,0.1725,0.3032,0.3032,0.3032,0.3032,0.3032,0.3032,0.3032],[0.1906,0.1906,0.1906,0.1906,0.1906,0.1906,0.1906,0.0598,0.0598,0.0598,0.0598,0.0598,0.0598,0.0598,0.2323,0.2323,0.2323,0.2323,0.2323,0.2323,0.2323,0,0,0,0,0,0,0,0.1725,0.1725,0.1725,0.1725,0.1725,0.1725,0.1725,0.3032,0.3032,0.3032,0.3032,0.3032,0.3032,0.3032],[0.1906,0.1906,0.1906,0.1906,0.1906,0.1906,0.1906,0.0598,0.0598,0.0598,0.0598,0.0598,0.0598,0.0598,0.2323,0.2323,0.2323,0.2323,0.2323,0.2323,0.2323,0,0,0,0,0,0,0,0.1725,0.1725,0.1725,0.1725,0.1725,0.1725,0.1725,0.3032,0.3032,0.3032,0.3032,0.3032,0.3032,0.3032],[0.1906,0.1906,0.1906,0.1906,0.1906,0.1906,0.1906,0.0598,0.0598,0.0598,0.0598,0.0598,0.0598,0.0598,0.2323,0.2323,0.2323,0.2323,0.2323,0.2323,0.2323,0,0,0,0,0,0,0,0.1725,0.1725,0.1725,0.1725,0.1725,0.1725,0.1725,0.3032,0.3032,0.3032,0.3032,0.3032,0.3032,0.3032],[0.1906,0.1906,0.1906,0.1906,0.1906,0.1906,0.1906,0.0598,0.0598,0.0598,0.0598,0.0598,0.0598,0.0598,0.2323,0.2323,0.2323,0.2323,0.2323,0.2323,0.2323,0,0,0,0,0,0,0,0.1725,0.1725,0.1725,0.1725,0.1725,0.1725,0.1725,0.3032,0.3032,0.3032,0.3032,0.3032,0.3032,0.3032],[0.1906,0.1906,0.1906,0.1906,0.1906,0.1906,0.1906,0.0598,0.0598,0.0598,0.0598,0.0598,0.0598,0.0598,0.2323,0.2323,0.2323,0.2323,0.2323,0.2323,0.2323,0,0,0,0,0,0,0,0.1725,0.1725,0.1725,0.1725,0.1725,0.1725,0.1725,0.3032,0.3032,0.3032,0.3032,0.3032,0.3032,0.3032],[0.1906,0.1906,0.1906,0.1906,0.1906,0.1906,0.1906,0.0598,0.0598,0.0598,0.0598,0.0598,0.0598,0.0598,0.2323,0.2323,0.2323,0.2323,0.2323,0.2323,0.2323,0,0,0,0,0,0,0,0.1725,0.1725,0.1725,0.1725,0.1725,0.1725,0.1725,0.3032,0.3032,0.3032,0.3032,0.3032,0.3032,0.3032],[0.363,0.363,0.363,0.363,0.363,0.363,0.363,0.2323,0.2323,0.2323,0.2323,0.2323,0.2323,0.2323,0.0598,0.0598,0.0598,0.0598,0.0598,0.0598,0.0598,0.1725,0.1725,0.1725,0.1725,0.1725,0.1725,0.1725,0,0,0,0,0,0,0,0.1308,0.1308,0.1308,0.1308,0.1308,0.1308,0.1308],[0.363,0.363,0.363,0.363,0.363,0.363,0.363,0.2323,0.2323,0.2323,0.2323,0.2323,0.2323,0.2323,0.0598,0.0598,0.0598,0.0598,0.0598,0.0598,0.0598,0.1725,0.1725,0.1725,0.1725,0.1725,0.1725,0.1725,0,0,0,0,0,0,0,0.1308,0.1308,0.1308,0.1308,0.1308,0.1308,0.1308],[0.363,0.363,0.363,0.363,0.363,0.363,0.363,0.2323,0.2323,0.2323,0.2323,0.2323,0.2323,0.2323,0.0598,0.0598,0.0598,0.0598,0.0598,0.0598,0.0598,0.1725,0.1725,0.1725,0.1725,0.1725,0.1725,0.1725,0,0,0,0,0,0,0,0.1308,0.1308,0.1308,0.1308,0.1308,0.1308,0.1308],[0.363,0.363,0.363,0.363,0.363,0.363,0.363,0.2323,0.2323,0.2323,0.2323,0.2323,0.2323,0.2323,0.0598,0.0598,0.0598,0.0598,0.0598,0.0598,0.0598,0.1725,0.1725,0.1725,0.1725,0.1725,0.1725,0.1725,0,0,0,0,0,0,0,0.1308,0.1308,0.1308,0.1308,0.1308,0.1308,0.1308],[0.363,0.363,0.363,0.363,0.363,0.363,0.363,0.2323,0.2323,0.2323,0.2323,0.2323,0.2323,0.2323,0.0598,0.0598,0.0598,0.0598,0.0598,0.0598,0.0598,0.1725,0.1725,0.1725,0.1725,0.1725,0.1725,0.1725,0,0,0,0,0,0,0,0.1308,0.1308,0.1308,0.1308,0.1308,0.1308,0.1308],[0.363,0.363,0.363,0.363,0.363,0.363,0.363,0.2323,0.2323,0.2323,0.2323,0.2323,0.2323,0.2323,0.0598,0.0598,0.0598,0.0598,0.0598,0.0598,0.0598,0.1725,0.1725,0.1725,0.1725,0.1725,0.1725,0.1725,0,0,0,0,0,0,0,0.1308,0.1308,0.1308,0.1308,0.1308,0.1308,0.1308],[0.363,0.363,0.363,0.363,0.363,0.363,0.363,0.2323,0.2323,0.2323,0.2323,0.2323,0.2323,0.2323,0.0598,0.0598,0.0598,0.0598,0.0598,0.0598,0.0598,0.1725,0.1725,0.1725,0.1725,0.1725,0.1725,0.1725,0,0,0,0,0,0,0,0.1308,0.1308,0.1308,0.1308,0.1308,0.1308,0.1308],[0.2323,0.2323,0.2323,0.2323,0.2323,0.2323,0.2323,0.363,0.363,0.363,0.363,0.363,0.363,0.363,0.1906,0.1906,0.1906,0.1906,0.1906,0.1906,0.1906,0.3032,0.3032,0.3032,0.3032,0.3032,0.3032,0.3032,0.1308,0.1308,0.1308,0.1308,0.1308,0.1308,0.1308,0,0,0,0,0,0,0],[0.2323,0.2323,0.2323,0.2323,0.2323,0.2323,0.2323,0.363,0.363,0.363,0.363,0.363,0.363,0.363,0.1906,0.1906,0.1906,0.1906,0.1906,0.1906,0.1906,0.3032,0.3032,0.3032,0.3032,0.3032,0.3032,0.3032,0.1308,0.1308,0.1308,0.1308,0.1308,0.1308,0.1308,0,0,0,0,0,0,0],[0.2323,0.2323,0.2323,0.2323,0.2323,0.2323,0.2323,0.363,0.363,0.363,0.363,0.363,0.363,0.363,0.1906,0.1906,0.1906,0.1906,0.1906,0.1906,0.1906,0.3032,0.3032,0.3032,0.3032,0.3032,0.3032,0.3032,0.1308,0.1308,0.1308,0.1308,0.1308,0.1308,0.1308,0,0,0,0,0,0,0],[0.2323,0.2323,0.2323,0.2323,0.2323,0.2323,0.2323,0.363,0.363,0.363,0.363,0.363,0.363,0.363,0.1906,0.1906,0.1906,0.1906,0.1906,0.1906,0.1906,0.3032,0.3032,0.3032,0.3032,0.3032,0.3032,0.3032,0.1308,0.1308,0.1308,0.1308,0.1308,0.1308,0.1308,0,0,0,0,0,0,0],[0.2323,0.2323,0.2323,0.2323,0.2323,0.2323,0.2323,0.363,0.363,0.363,0.363,0.363,0.363,0.363,0.1906,0.1906,0.1906,0.1906,0.1906,0.1906,0.1906,0.3032,0.3032,0.3032,0.3032,0.3032,0.3032,0.3032,0.1308,0.1308,0.1308,0.1308,0.1308,0.1308,0.1308,0,0,0,0,0,0,0],[0.2323,0.2323,0.2323,0.2323,0.2323,0.2323,0.2323,0.363,0.363,0.363,0.363,0.363,0.363,0.363,0.1906,0.1906,0.1906,0.1906,0.1906,0.1906,0.1906,0.3032,0.3032,0.3032,0.3032,0.3032,0.3032,0.3032,0.1308,0.1308,0.1308,0.1308,0.1308,0.1308,0.1308,0,0,0,0,0,0,0],[0.2323,0.2323,0.2323,0.2323,0.2323,0.2323,0.2323,0.363,0.363,0.363,0.363,0.363,0.363,0.363,0.1906,0.1906,0.1906,0.1906,0.1906,0.1906,0.1906,0.3032,0.3032,0.3032,0.3032,0.3032,0.3032,0.3032,0.1308,0.1308,0.1308,0.1308,0.1308,0.1308,0.1308,0,0,0,0,0,0,0]],"r":[[0,0.2629,0.4754,0.081,0.2625,0.304,0.5035,0,0.2629,0.4754,0.081,0.2625,0.304,0.5035,0,0.2629,0.4754,0.081,0.2625,0.304,0.5035,0,0.2629,0.4754,0.081,0.2625,0.304,0.5035,0,0.2629,0.4754,0.081,0.2625,0.304,0.5035,0,0.2629,0.4754,0.081,0.2625,0.304,0.5035],[0.2629,0,0.4284,0.3439,0.3314,0.2852,0.5661,0.2629,0,0.4284,0.3439,0.3314,0.2852,0.5661,0.2629,0,0.4284,0.3439,0.3314,0.2852,0.5661,0.2629,0,0.4284,0.3439,0.3314,0.2852,0.5661,0.2629,0,0.4284,0.3439,0.3314,0.2852,0.5661,0.2629,0,0.4284,0.3439,0.3314,0.2852,0.5661],[0.4754,0.4284,0,0.493,0.3505,0.2973,0.3177,0.4754,0.4284,0,0.493,0.3505,0.2973,0.3177,0.4754,0.4284,0,0.493,0.3505,0.2973,0.3177,0.4754,0.4284,0,0.493,0.3505,0.2973,0.3177,0.4754,0.4284,0,0.493,0.3505,0.2973,0.3177,0.4754,0.4284,0,0.493,0.3505,0.2973,0.3177],[0.081,0.3439,0.493,0,0.3177,0.2934,0.493,0.081,0.3439,0.493,0,0.3177,0.2934,0.493,0.081,0.3439,0.493,0,0.3177,0.2934,0.493,0.081,0.3439,0.493,0,0.3177,0.2934,0.493,0.081,0.3439,0.493,0,0.3177,0.2934,0.493,0.081,0.3439,0.493,0,0.3177,0.2934,0.493],[0.2625,0.3314,0.3505,0.3177,0,0.2825,0.482,0.2625,0.3314,0.3505,0.3177,0,0.2825,0.482,0.2625,0.3314,0.3505,0.3177,0,0.2825,0.482,0.2625,0.3314,0.3505,0.3177,0,0.2825,0.482,0.2625,0.3314,0.3505,0.3177,0,0.2825,0.482,0.2625,0.3314,0.3505,0.3177,0,0.2825,0.482],[0.304,0.2852,0.2973,0.2934,0.2825,0,0.5321,0.304,0.2852,0.2973,0.2934,0.2825,0,0.5321,0.304,0.2852,0.2973,0.2934,0.2825,0,0.5321,0.304,0.2852,0.2973,0.2934,0.2825,0,0.5321,0.304,0.2852,0.2973,0.2934,0.2825,0,0.5321,0.304,0.2852,0.2973,0.2934,0.2825,0,0.5321],[0.5035,0.5661,0.3177,0.493,0.482,0.5321,0,0.5035,0.5661,0.3177,0.493,0.482,0.5321,0,0.5035,0.5661,0.3177,0.493,0.482,0.5321,0,0.5035,0.5661,0.3177,0.493,0.482,0.5321,0,0.5035,0.5661,0.3177,0.493,0.482,0.5321,0,0.5035,0.5661,0.3177,0.493,0.482,0.5321,0],[0,0.2629,0.4754,0.081,0.2625,0.304,0.5035,0,0.2629,0.4754,0.081,0.2625,0.304,0.5035,0,0.2629,0.4754,0.081,0.2625,0.304,0.5035,0,0.2629,0.4754,0.081,0.2625,0.304,0.5035,0,0.2629,0.4754,0.081,0.2625,0.304,0.5035,0,0.2629,0.4754,0.081,0.2625,0.304,0.5035],[0.2629,0,0.4284,0.3439,0.3314,0.2852,0.5661,0.2629,0,0.4284,0.3439,0.3314,0.2852,0.5661,0.2629,0,0.4284,0.3439,0.3314,0.2852,0.5661,0.2629,0,0.4284,0.3439,0.3314,0.2852,0.5661,0.2629,0,0.4284,0.3439,0.3314,0.2852,0.5661,0.2629,0,0.4284,0.3439,0.3314,0.2852,0.5661],[0.4754,0.4284,0,0.493,0.3505,0.2973,0.3177,0.4754,0.4284,0,0.493,0.3505,0.2973,0.3177,0.4754,0.4284,0,0.493,0.3505,0.2973,0.3177,0.4754,0.4284,0,0.493,0.3505,0.2973,0.3177,0.4754,0.4284,0,0.493,0.3505,0.2973,0.3177,0.4754,0.4284,0,0.493,0.3505,0.2973,0.3177],[0.081,0.3439,0.493,0,0.3177,0.2934,0.493,0.081,0.3439,0.493,0,0.3177,0.2934,0.493,0.081,0.3439,0.493,0,0.3177,0.2934,0.493,0.081,0.3439,0.493,0,0.3177,0.2934,0.493,0.081,0.3439,0.493,0,0.3177,0.2934,0.493,0.081,0.3439,0.493,0,0.3177,0.2934,0.493],[0.2625,0.3314,0.3505,0.3177,0,0.2825,0.482,0.2625,0.3314,0.3505,0.3177,0,0.2825,0.482,0.2625,0.3314,0.3505,0.3177,0,0.2825,0.482,0.2625,0.3314,0.3505,0.3177,0,0.2825,0.482,0.2625,0.3314,0.3505,0.3177,0,0.2825,0.482,0.2625,0.3314,0.3505,0.3177,0,0.2825,0.482],[0.304,0.2852,0.2973,0.2934,0.2825,0,0.5321,0.304,0.2852,0.2973,0.2934,0.2825,0,0.5321,0.304,0.2852,0.2973,0.2934,0.2825,0,0.5321,0.304,0.2852,0.2973,0.2934,0.2825,0,0.5321,0.304,0.2852,0.2973,0.2934,0.2825,0,0.5321,0.304,0.2852,0.2973,0.2934,0.2825,0,0.5321],[0.5035,0.5661,0.3177,0.493,0.482,0.5321,0,0.5035,0.5661,0.3177,0.493,0.482,0.5321,0,0.5035,0.5661,0.3177,0.493,0.482,0.5321,0,0.5035,0.5661,0.3177,0.493,0.482,0.5321,0,0.5035,0.5661,0.3177,0.493,0.482,0.5321,0,0.5035,0.5661,0.3177,0.493,0.482,0.5321,0],[0,0.2629,0.4754,0.081,0.2625,0.304,0.5035,0,0.2629,0.4754,0.081,0.2625,0.304,0.5035,0,0.2629,0.4754,0.081,0.2625,0.304,0.5035,0,0.2629,0.4754,0.081,0.2625,0.304,0.5035,0,0.2629,0.4754,0.081,0.2625,0.304,0.5035,0,0.2629,0.4754,0.081,0.2625,0.304,0.5035],[0.2629,0,0.4284,0.3439,0.3314,0.2852,0.5661,0.2629,0,0.4284,0.3439,0.3314,0.2852,0.5661,0.2629,0,0.4284,0.3439,0.3314,0.2852,0.5661,0.2629,0,0.4284,0.3439,0.3314,0.2852,0.5661,0.2629,0,0.4284,0.3439,0.3314,0.2852,0.5661,0.2629,0,0.4284,0.3439,0.3314,0.2852,0.5661],[0.4754,0.4284,0,0.493,0.3505,0.2973,0.3177,0.4754,0.4284,0,0.493,0.3505,0.2973,0.3177,0.4754,0.4284,0,0.493,0.3505,0.2973,0.3177,0.4754,0.4284,0,0.493,0.3505,0.2973,0.3177,0.4754,0.4284,0,0.493,0.3505,0.2973,0.3177,0.4754,0.4284,0,0.493,0.3505,0.2973,0.3177],[0.081,0.3439,0.493,0,0.3177,0.2934,0.493,0.081,0.3439,0.493,0,0.3177,0.2934,0.493,0.081,0.3439,0.493,0,0.3177,0.2934,0.493,0.081,0.3439,0.493,0,0.3177,0.2934,0.493,0.081,0.3439,0.493,0,0.3177,0.2934,0.493,0.081,0.3439,0.493,0,0.3177,0.2934,0.493],[0.2625,0.3314,0.3505,0.3177,0,0.2825,0.482,0.2625,0.3314,0.3505,0.3177,0,0.2825,0.482,0.2625,0.3314,0.3505,0.3177,0,0.2825,0.482,0.2625,0.3314,0.3505,0.3177,0,0.2825,0.482,0.2625,0.3314,0.3505,0.3177,0,0.2825,0.482,0.2625,0.3314,0.3505,0.3177,0,0.2825,0.482],[0.304,0.2852,0.2973,0.2934,0.2825,0,0.5321,0.304,0.2852,0.2973,0.2934,0.2825,0,0.5321,0.304,0.2852,0.2973,0.2934,0.2825,0,0.5321,0.304,0.2852,0.2973,0.2934,0.2825,0,0.5321,0.304,0.2852,0.2973,0.2934,0.2825,0,0.5321,0.304,0.2852,0.2973,0.2934,0.2825,0,0.5321],[0.5035,0.5661,0.3177,0.493,0.482,0.5321,0,0.5035,0.5661,0.3177,0.493,0.482,0.5321,0,0.5035,0.5661,0.3177,0.493,0.482,0.5321,0,0.5035,0.5661,0.3177,0.493,0.482,0.5321,0,0.5035,0.5661,0.3177,0.493,0.482,0.5321,0,0.5035,0.5661,0.3177,0.493,0.482,0.5321,0],[0,0.2629,0.4754,0.081,0.2625,0.304,0.5035,0,0.2629,0.4754,0.081,0.2625,0.304,0.5035,0,0.2629,0.4754,0.081,0.2625,0.304,0.5035,0,0.2629,0.4754,0.081,0.2625,0.304,0.5035,0,0.2629,0.4754,0.081,0.2625,0.304,0.5035,0,0.2629,0.4754,0.081,0.2625,0.304,0.5035],[0.2629,0,0.4284,0.3439,0.3314,0.2852,0.5661,0.2629,0,0.4284,0.3439,0.3314,0.2852,0.5661,0.2629,0,0.4284,0.3439,0.3314,0.2852,0.5661,0.2629,0,0.4284,0.3439,0.3314,0.2852,0.5661,0.2629,0,0.4284,0.3439,0.3314,0.2852,0.5661,0.2629,0,0.4284,0.3439,0.3314,0.2852,0.5661],[0.4754,0.4284,0,0.493,0.3505,0.2973,0.3177,0.4754,0.4284,0,0.493,0.3505,0.2973,0.3177,0.4754,0.4284,0,0.493,0.3505,0.2973,0.3177,0.4754,0.4284,0,0.493,0.3505,0.2973,0.3177,0.4754,0.4284,0,0.493,0.3505,0.2973,0.3177,0.4754,0.4284,0,0.493,0.3505,0.2973,0.3177],[0.081,0.3439,0.493,0,0.3177,0.2934,0.493,0.081,0.3439,0.493,0,0.3177,0.2934,0.493,0.081,0.3439,0.493,0,0.3177,0.2934,0.493,0.081,0.3439,0.493,0,0.3177,0.2934,0.493,0.081,0.3439,0.493,0,0.3177,0.2934,0.493,0.081,0.3439,0.493,0,0.3177,0.2934,0.493],[0.2625,0.3314,0.3505,0.3177,0,0.2825,0.482,0.2625,0.3314,0.3505,0.3177,0,0.2825,0.482,0.2625,0.3314,0.3505,0.3177,0,0.2825,0.482,0.2625,0.3314,0.3505,0.3177,0,0.2825,0.482,0.2625,0.3314,0.3505,0.3177,0,0.2825,0.482,0.2625,0.3314,0.3505,0.3177,0,0.2825,0.482],[0.304,0.2852,0.2973,0.2934,0.2825,0,0.5321,0.304,0.2852,0.2973,0.2934,0.2825,0,0.5321,0.304,0.2852,0.2973,0.2934,0.2825,0,0.5321,0.304,0.2852,0.2973,0.2934,0.2825,0,0.5321,0.304,0.2852,0.2973,0.2934,0.2825,0,0.5321,0.304,0.2852,0.2973,0.2934,0.2825,0,0.5321],[0.5035,0.5661,0.3177,0.493,0.482,0.5321,0,0.5035,0.5661,0.3177,0.493,0.482,0.5321,0,0.5035,0.5661,0.3177,0.493,0.482,0.5321,0,0.5035,0.5661,0.3177,0.493,0.482,0.5321,0,0.5035,0.5661,0.3177,0.493,0.482,0.5321,0,0.5035,0.5661,0.3177,0.493,0.482,0.5321,0],[0,0.2629,0.4754,0.081,0.2625,0.304,0.5035,0,0.2629,0.4754,0.081,0.2625,0.304,0.5035,0,0.2629,0.4754,0.081,0.2625,0.304,0.5035,0,0.2629,0.4754,0.081,0.2625,0.304,0.5035,0,0.2629,0.4754,0.081,0.2625,0.304,0.5035,0,0.2629,0.4754,0.081,0.2625,0.304,0.5035],[0.2629,0,0.4284,0.3439,0.3314,0.2852,0.5661,0.2629,0,0.4284,0.3439,0.3314,0.2852,0.5661,0.2629,0,0.4284,0.3439,0.3314,0.2852,0.5661,0.2629,0,0.4284,0.3439,0.3314,0.2852,0.5661,0.2629,0,0.4284,0.3439,0.3314,0.2852,0.5661,0.2629,0,0.4284,0.3439,0.3314,0.2852,0.5661],[0.4754,0.4284,0,0.493,0.3505,0.2973,0.3177,0.4754,0.4284,0,0.493,0.3505,0.2973,0.3177,0.4754,0.4284,0,0.493,0.3505,0.2973,0.3177,0.4754,0.4284,0,0.493,0.3505,0.2973,0.3177,0.4754,0.4284,0,0.493,0.3505,0.2973,0.3177,0.4754,0.4284,0,0.493,0.3505,0.2973,0.3177],[0.081,0.3439,0.493,0,0.3177,0.2934,0.493,0.081,0.3439,0.493,0,0.3177,0.2934,0.493,0.081,0.3439,0.493,0,0.3177,0.2934,0.493,0.081,0.3439,0.493,0,0.3177,0.2934,0.493,0.081,0.3439,0.493,0,0.3177,0.2934,0.493,0.081,0.3439,0.493,0,0.3177,0.2934,0.493],[0.2625,0.3314,0.3505,0.3177,0,0.2825,0.482,0.2625,0.3314,0.3505,0.3177,0,0.2825,0.482,0.2625,0.3314,0.3505,0.3177,0,0.2825,0.482,0.2625,0.3314,0.3505,0.3177,0,0.2825,0.482,0.2625,0.3314,0.3505,0.3177,0,0.2825,0.482,0.2625,0.3314,0.3505,0.3177,0,0.2825,0.482],[0.304,0.2852,0.2973,0.2934,0.2825,0,0.5321,0.304,0.2852,0.2973,0.2934,0.2825,0,0.5321,0.304,0.2852,0.2973,0.2934,0.2825,0,0.5321,0.304,0.2852,0.2973,0.2934,0.2825,0,0.5321,0.304,0.2852,0.2973,0.2934,0.2825,0,0.5321,0.304,0.2852,0.2973,0.2934,0.2825,0,0.5321],[0.5035,0.5661,0.3177,0.493,0.482,0.5321,0,0.5035,0.5661,0.3177,0.493,0.482,0.5321,0,0.5035,0.5661,0.3177,0.493,0.482,0.5321,0,0.5035,0.5661,0.3177,0.493,0.482,0.5321,0,0.5035,0.5661,0.3177,0.493,0.482,0.5321,0,0.5035,0.5661,0.3177,0.493,0.482,0.5321,0],[0,0.2629,0.4754,0.081,0.2625,0.304,0.5035,0,0.2629,0.4754,0.081,0.2625,0.304,0.5035,0,0.2629,0.4754,0.081,0.2625,0.304,0.5035,0,0.2629,0.4754,0.081,0.2625,0.304,0.5035,0,0.2629,0.4754,0.081,0.2625,0.304,0.5035,0,0.2629,0.4754,0.081,0.2625,0.304,0.5035],[0.2629,0,0.4284,0.3439,0.3314,0.2852,0.5661,0.2629,0,0.4284,0.3439,0.3314,0.2852,0.5661,0.2629,0,0.4284,0.3439,0.3314,0.2852,0.5661,0.2629,0,0.4284,0.3439,0.3314,0.2852,0.5661,0.2629,0,0.4284,0.3439,0.3314,0.2852,0.5661,0.2629,0,0.4284,0.3439,0.3314,0.2852,0.5661],[0.4754,0.4284,0,0.493,0.3505,0.2973,0.3177,0.4754,0.4284,0,0.493,0.3505,0.2973,0.3177,0.4754,0.4284,0,0.493,0.3505,0.2973,0.3177,0.4754,0.4284,0,0.493,0.3505,0.2973,0.3177,0.4754,0.4284,0,0.493,0.3505,0.2973,0.3177,0.4754,0.4284,0,0.493,0.3505,0.2973,0.3177],[0.081,0.3439,0.493,0,0.3177,0.2934,0.493,0.081,0.3439,0.493,0,0.3177,0.2934,0.493,0.081,0.3439,0.493,0,0.3177,0.2934,0.493,0.081,0.3439,0.493,0,0.3177,0.2934,0.493,0.081,0.3439,0.493,0,0.3177,0.2934,0.493,0.081,0.3439,0.493,0,0.3177,0.2934,0.493],[0.2625,0.3314,0.3505,0.3177,0,0.2825,0.482,0.2625,0.3314,0.3505,0.3177,0,0.2825,0.482,0.2625,0.3314,0.3505,0.3177,0,0.2825,0.482,0.2625,0.3314,0.3505,0.3177,0,0.2825,0.482,0.2625,0.3314,0.3505,0.3177,0,0.2825,0.482,0.2625,0.3314,0.3505,0.3177,0,0.2825,0.482],[0.304,0.2852,0.2973,0.2934,0.2825,0,0.5321,0.304,0.2852,0.2973,0.2934,0.2825,0,0.5321,0.304,0.2852,0.2973,0.2934,0.2825,0,0.5321,0.304,0.2852,0.2973,0.2934,0.2825,0,0.5321,0.304,0.2852,0.2973,0.2934,0.2825,0,0.5321,0.304,0.2852,0.2973,0.2934,0.2825,0,0.5321],[0.5035,0.5661,0.3177,0.493,0.482,0.5321,0,0.5035,0.5661,0.3177,0.493,0.482,0.5321,0,0.5035,0.5661,0.3177,0.493,0.482,0.5321,0,0.5035,0.5661,0.3177,0.493,0.482,0.5321,0,0.5035,0.5661,0.3177,0.493,0.482,0.5321,0,0.5035,0.5661,0.3177,0.493,0.482,0.5321,0]]},"rownames":{"k":["0 km-30 km","0 km-30 km","0 km-30 km","0 km-30 km","0 km-30 km","0 km-30 km","0 km-30 km","0 km-60 km","0 km-60 km","0 km-60 km","0 km-60 km","0 km-60 km","0 km-60 km","0 km-60 km","0 km-90 km","0 km-90 km","0 km-90 km","0 km-90 km","0 km-90 km","0 km-90 km","0 km-90 km","30 km-60 km","30 km-60 km","30 km-60 km","30 km-60 km","30 km-60 km","30 km-60 km","30 km-60 km","30 km-90 km","30 km-90 km","30 km-90 km","30 km-90 km","30 km-90 km","30 km-90 km","30 km-90 km","60 km-90 km","60 km-90 km","60 km-90 km","60 km-90 km","60 km-90 km","60 km-90 km","60 km-90 km"],"r":["prec2","prec3","tmax2","cov2","alti2","alti3","coast","prec2","prec3","tmax2","cov2","alti2","alti3","coast","prec2","prec3","tmax2","cov2","alti2","alti3","coast","prec2","prec3","tmax2","cov2","alti2","alti3","coast","prec2","prec3","tmax2","cov2","alti2","alti3","coast","prec2","prec3","tmax2","cov2","alti2","alti3","coast"]},"leafs":{"space":{"w":[[0.4069,0.3076,0.2083,0.4371,0.049,0.187,-0.0196],[0.4115,0.2854,0.2543,0.2949,0.0662,0.3135,-0.0495],[0.5884,0.2074,0.27,0.3395,0.0153,0.1522,0.0033],[0.3697,0.2969,0.5547,0.164,0.0551,0.105,0.0308],[0.5385,0.2225,0.3245,0.2343,0.0841,-0.0623,0.2346],[0.3805,0.2135,0.1686,0.5484,0.0248,0.0477,0.1926],[0.6627,0.3245,0.277,0.1635,0.1872,0.0018,-0.0405],[0.3215,0.374,0.2384,0.099,0.0129,0.5254,0.0048],[0.2416,0.2871,0.3687,0.1056,-0.0789,0.5727,0.0794],[0.217,0.6009,0.219,-0.0319,0.0788,0.3288,0.1635],[0.3465,0.3192,0.2439,0.2331,0.3877,-0.0186,0.0644],[0.5757,0.1968,0.2579,0.0776,0.3653,0.0618,0.041],[0.2164,0.3563,0.1876,-0.0167,0.045,0.5494,0.2381],[0.625,0.3603,0.3054,0.2053,0.0833,-0.0523,0.0491],[0.353,0.2139,0.6124,0.0501,0.1334,0.1213,0.092],[0.2975,0.2317,0.6289,0.0818,0.1526,0.1552,0.0284],[0.5502,0.2315,0.1516,0.0455,0.0909,0.2167,0.2897],[0.3614,0.1794,0.6076,0.1841,0.045,0.1646,0.034],[0.228,0.2412,0.5406,0.0506,0.1204,0.3805,0.0149],[0.225,0.1589,0.634,0.1056,0.308,0.0862,0.0585],[0.595,0.0846,0.2776,0.2604,0.0657,0.0381,0.2547],[0.0879,0.3003,0.6451,0.2331,0.0375,0.212,0.0603],[0.1019,0.2153,0.2775,0.6217,0.0952,0.0596,0.205],[0.2246,0.5805,0.0899,0.0991,0.29,0.1006,0.1915],[0.6089,0.3014,0.2156,0.0453,0.197,-0.0005,0.2085],[0.2085,0.2362,0.1036,0.6187,0.3045,0.0839,0.0208],[0.2144,0.6093,0.0579,0.2314,0.1509,0.2463,0.066],[0.5937,0.3058,0.0476,0.2003,0.0254,0.0763,0.327],[0.4016,0.3384,0.4176,0.1059,0.2351,0.0586,0.0189],[0.3954,0.2853,0.0876,0.4221,0.1786,0.202,0.0051],[0.5085,0.2382,0.3251,0.0182,0.1487,-0.0088,0.3463],[0.3758,0.3467,0.2383,0.253,0.3065,0.0825,-0.0267],[0.4077,0.2541,0.2665,0.1954,0.2261,0.1575,0.0688],[0.3926,0.1616,0.1913,0.2806,0.1711,0.2711,0.1079],[0.564,0.1917,0.3728,0.2851,0.0265,0.0478,0.0883],[0.3581,0.3492,0.1797,0.4932,0.1331,-0.0559,0.1188],[0.3545,0.2296,0.3062,0.4806,0.1174,-0.0655,0.1534],[0.417,0.3852,0.1132,0.1914,-0.0273,0.2098,0.2869],[0.3079,0.5883,0.1834,0.2986,0.1281,0.1264,-0.0566],[0.5003,0.1522,0.23,0.1162,0.237,0.0831,0.2573],[0.3054,0.1387,0.6266,-0.0286,0.1904,0.1733,0.1704],[0.4918,0.2171,0.4092,0.3138,-0.0502,0.0827,0.1118]],"k":[[0,30000],[0,30000],[0,30000],[0,30000],[0,30000],[0,30000],[0,30000],[0,60000],[0,60000],[0,60000],[0,60000],[0,60000],[0,60000],[0,60000],[0,90000],[0,90000],[0,90000],[0,90000],[0,90000],[0,90000],[0,90000],[30000,60000],[30000,60000],[30000,60000],[30000,60000],[30000,60000],[30000,60000],[30000,60000],[30000,90000],[30000,90000],[30000,90000],[30000,90000],[30000,90000],[30000,90000],[30000,90000],[60000,90000],[60000,90000],[60000,90000],[60000,90000],[60000,90000],[60000,90000],[60000,90000]],"r":[[[[1343899.1919,5792927.58],[1313744.6859,5834868.2007],[1316069.9564,5858165.6725],[1322034.1534,5860841.1607],[1350011.3366,5866779.5633],[1363667.1654,5873210.2911],[1383025.4954,5885485.1684],[1393227.5479,5876042.1967],[1397338.5228,5870099.1974],[1414658.7286,5872282.5178],[1400917.5454,5858726.0643],[1381507.5832,5854535.8978],[1375523.9145,5843742.8709],[1369617.1044,5822361.7035],[1363122.1971,5806738.8056],[1343899.1919,5792927.58]],[[1236684.4695,5657763.7299],[1225692.167,5676926.7662],[1198452.8878,5703437.422],[1215973.9281,5708193.411],[1228807.7345,5719561.0716],[1244695.645,5735417.8068],[1276207.7623,5727516.6595],[1288664.2253,5735662.0042],[1289981.0662,5745828.9684],[1281397.032,5761691.0694],[1292668.9523,5772237.0212],[1307608.9637,5788346.6985],[1316587.9291,5785499.3638],[1324100.8321,5782949.884],[1329127.0288,5768425.6049],[1370073.6664,5778012.5052],[1376241.4496,5804673.1678],[1384826.3581,5799463.2032],[1382002.4485,5792778.4725],[1390766.3189,5763091.4194],[1420574.9014,5739659.8195],[1389962.5967,5694032.0646],[1372361.4536,5689469.301],[1351590.4466,5676702.6659],[1364973.868,5632731.9021],[1376921.2398,5608521.4123],[1336687.8315,5623993.1187],[1316459.7039,5626784.5642],[1288703.3293,5626484.7619],[1283457.7612,5619862.7967],[1272005.7995,5624935.3659],[1256544.3211,5646338.7131],[1236684.4695,5657763.7299]]],[[[1343899.1919,5792927.58],[1313744.6859,5834868.2007],[1316069.9564,5858165.6725],[1322034.1534,5860841.1607],[1350011.3366,5866779.5633],[1363667.1654,5873210.2911],[1383025.4954,5885485.1684],[1393227.5479,5876042.1967],[1397338.5228,5870099.1974],[1414658.7286,5872282.5178],[1400917.5454,5858726.0643],[1381507.5832,5854535.8978],[1375523.9145,5843742.8709],[1369617.1044,5822361.7035],[1363122.1971,5806738.8056],[1343899.1919,5792927.58]],[[1336687.8315,5623993.1187],[1345540.0709,5646986.2435],[1308244.7757,5715642.25],[1285485.0426,5725846.7719],[1276207.7623,5727516.6595],[1281397.032,5761691.0694],[1292668.9523,5772237.0212],[1307608.9637,5788346.6985],[1316587.9291,5785499.3638],[1324100.8321,5782949.884],[1329127.0288,5768425.6049],[1370073.6664,5778012.5052],[1376241.4496,5804673.1678],[1384826.3581,5799463.2032],[1382002.4485,5792778.4725],[1390766.3189,5763091.4194],[1420574.9014,5739659.8195],[1389962.5967,5694032.0646],[1372361.4536,5689469.301],[1351590.4466,5676702.6659],[1364973.868,5632731.9021],[1376921.2398,5608521.4123],[1336687.8315,5623993.1187]],[[1236684.4695,5657763.7299],[1225692.167,5676926.7662],[1198452.8878,5703437.422],[1215973.9281,5708193.411],[1228807.7345,5719561.0716],[1244695.645,5735417.8068],[1247785.3603,5720652.727],[1298205.0138,5692579.7573],[1299891.0686,5675642.6884],[1307196.9395,566