{"types":{"input":["r","k"],"output":"w"},"D":{"w":[[0,0.8581,0.8494,0.8366,0.847,0.8317,0.8338,0.8019,0.6902,0.8736,0.865,0.8776,0.8828,0.8412,0.8293,0.8457,0.7527,0.8932,0.872,0.8913,0.9021,0.8809,0.8519,0.8543,0.7533,0.8987,0.8828,0.8695,0.8986,0.8831,0.8539,0.8562,0.8115,0.8956,0.8858,0.8899,0.9047,0.8704,0.8494,0.8746,0.8018,0.8949,0.8941,0.8775,0.8866,0.8812,0.871,0.8612],[0.8581,0,0.8702,0.841,0.8521,0.8316,0.8659,0.8533,0.9026,0.6817,0.8687,0.874,0.8942,0.8375,0.8616,0.8801,0.8905,0.7745,0.8755,0.8774,0.8794,0.8764,0.8936,0.8867,0.8926,0.7836,0.8792,0.8959,0.8689,0.8452,0.8695,0.8715,0.8754,0.8301,0.8847,0.9018,0.8776,0.8466,0.8752,0.8752,0.8989,0.8458,0.8996,0.8995,0.8956,0.8635,0.8835,0.8468],[0.8494,0.8702,0,0.8698,0.8201,0.8488,0.851,0.8431,0.8554,0.8676,0.697,0.8917,0.8574,0.8687,0.8878,0.8784,0.8926,0.8975,0.7223,0.8859,0.8817,0.8927,0.8817,0.8851,0.8987,0.8863,0.7079,0.887,0.8846,0.8702,0.8378,0.8839,0.8948,0.8949,0.7901,0.8903,0.8765,0.8792,0.8746,0.888,0.8774,0.8632,0.8045,0.9,0.8603,0.8877,0.8857,0.8746],[0.8366,0.841,0.8698,0,0.8648,0.8533,0.8435,0.8402,0.8676,0.8682,0.888,0.6747,0.8698,0.8687,0.8645,0.883,0.8848,0.8805,0.8959,0.7156,0.8767,0.8881,0.8777,0.8899,0.8797,0.8827,0.9013,0.7131,0.889,0.8782,0.899,0.8984,0.8826,0.9007,0.8932,0.8016,0.8895,0.8794,0.883,0.8925,0.8857,0.8855,0.892,0.7851,0.8816,0.8719,0.8874,0.8762],[0.847,0.8521,0.8201,0.8648,0,0.7528,0.807,0.7947,0.8649,0.8577,0.8535,0.8679,0.7168,0.8056,0.8362,0.8522,0.8862,0.8694,0.8665,0.8782,0.7814,0.8581,0.8754,0.8679,0.8764,0.8856,0.884,0.8832,0.7728,0.8185,0.861,0.8725,0.8711,0.9047,0.8701,0.8992,0.837,0.8514,0.8725,0.91,0.8794,0.8823,0.8671,0.8787,0.7912,0.8606,0.8656,0.8676],[0.8317,0.8316,0.8488,0.8533,0.7528,0,0.679,0.7572,0.8538,0.8487,0.8644,0.8861,0.8371,0.722,0.7891,0.8334,0.8804,0.8819,0.8788,0.9003,0.8664,0.7849,0.8283,0.8462,0.8679,0.8636,0.8722,0.889,0.8451,0.7471,0.8253,0.8529,0.8775,0.8896,0.8568,0.889,0.8466,0.8121,0.8424,0.8908,0.8832,0.8674,0.8667,0.8852,0.8421,0.77,0.8485,0.8466],[0.8338,0.8659,0.851,0.8435,0.807,0.679,0,0.7302,0.8364,0.8791,0.8625,0.8759,0.8617,0.7759,0.7173,0.7988,0.8745,0.8986,0.8842,0.8797,0.8771,0.8325,0.7915,0.8516,0.8742,0.897,0.892,0.8932,0.8707,0.8232,0.7568,0.8558,0.891,0.9038,0.8675,0.8878,0.8691,0.8253,0.7686,0.8652,0.8716,0.9035,0.8726,0.8786,0.8679,0.8292,0.7958,0.7962],[0.8019,0.8533,0.8431,0.8402,0.7947,0.7572,0.7302,0,0.8462,0.8477,0.8648,0.8651,0.8616,0.8237,0.8063,0.7475,0.8709,0.8828,0.8804,0.8742,0.8828,0.8751,0.8432,0.795,0.8563,0.8861,0.8813,0.8575,0.8835,0.866,0.8718,0.8405,0.8644,0.8865,0.8978,0.8871,0.8809,0.874,0.8451,0.8413,0.873,0.9,0.8834,0.8526,0.8861,0.8543,0.8463,0.755],[0.6902,0.9026,0.8554,0.8676,0.8649,0.8538,0.8364,0.8462,0,0.9073,0.8895,0.8733,0.8925,0.8666,0.8557,0.84,0.6308,0.9075,0.8886,0.8815,0.8814,0.9078,0.8694,0.8634,0.7412,0.9235,0.8951,0.8848,0.8961,0.9026,0.8845,0.8844,0.8362,0.9033,0.8996,0.8927,0.9045,0.8822,0.8779,0.8818,0.7718,0.9144,0.8992,0.889,0.8937,0.8905,0.8963,0.8859],[0.8736,0.6817,0.8676,0.8682,0.8577,0.8487,0.8791,0.8477,0.9073,0,0.8972,0.8774,0.8845,0.848,0.8791,0.8757,0.8961,0.718,0.8843,0.8912,0.8763,0.8845,0.8966,0.8935,0.8942,0.7587,0.8895,0.8835,0.8816,0.8519,0.8841,0.8942,0.8869,0.8255,0.8924,0.9027,0.8885,0.8728,0.8763,0.8905,0.8886,0.8388,0.904,0.9053,0.9021,0.881,0.8817,0.8709],[0.865,0.8687,0.697,0.888,0.8535,0.8644,0.8625,0.8648,0.8895,0.8972,0,0.905,0.8508,0.8659,0.883,0.876,0.9056,0.8921,0.6631,0.9033,0.876,0.881,0.8808,0.8724,0.9019,0.9087,0.7063,0.9,0.8847,0.8758,0.8723,0.9004,0.8916,0.9037,0.8203,0.9165,0.8862,0.8717,0.8904,0.9005,0.8873,0.9042,0.8067,0.902,0.872,0.8842,0.8785,0.8616],[0.8776,0.874,0.8917,0.6747,0.8679,0.8861,0.8759,0.8651,0.8733,0.8774,0.905,0,0.8601,0.8721,0.8675,0.8764,0.8875,0.8959,0.8967,0.6258,0.8698,0.8943,0.8817,0.8963,0.8845,0.9068,0.896,0.7375,0.8801,0.8865,0.91,0.8987,0.9018,0.9106,0.9007,0.8253,0.8729,0.8903,0.8902,0.8996,0.8996,0.9099,0.9107,0.8035,0.8795,0.8852,0.8917,0.8866],[0.8828,0.8942,0.8574,0.8698,0.7168,0.8371,0.8617,0.8616,0.8925,0.8845,0.8508,0.8601,0,0.7559,0.8304,0.8278,0.8989,0.8783,0.8609,0.8632,0.6173,0.8248,0.8528,0.8609,0.8885,0.8863,0.8778,0.8703,0.7385,0.8452,0.8659,0.8927,0.8884,0.8915,0.8831,0.8892,0.7879,0.8236,0.855,0.8916,0.8944,0.9062,0.8814,0.8804,0.7674,0.8379,0.8713,0.8906],[0.8412,0.8375,0.8687,0.8687,0.8056,0.722,0.7759,0.8237,0.8666,0.848,0.8659,0.8721,0.7559,0,0.6997,0.7599,0.8921,0.8811,0.8862,0.9004,0.8251,0.6525,0.7872,0.811,0.8695,0.8792,0.8953,0.8947,0.8339,0.7414,0.82,0.8414,0.8813,0.8731,0.8828,0.8789,0.8519,0.7265,0.8018,0.8762,0.8794,0.8715,0.8588,0.8803,0.832,0.7173,0.8174,0.8541],[0.8293,0.8616,0.8878,0.8645,0.8362,0.7891,0.7173,0.8063,0.8557,0.8791,0.883,0.8675,0.8304,0.6997,0,0.7399,0.8797,0.902,0.8811,0.8858,0.8651,0.7786,0.6226,0.8009,0.8841,0.8989,0.9001,0.8899,0.8621,0.8136,0.7507,0.8405,0.8802,0.8816,0.8956,0.8662,0.8707,0.819,0.778,0.8745,0.8754,0.9018,0.8832,0.8885,0.8697,0.8137,0.7691,0.8309],[0.8457,0.8801,0.8784,0.883,0.8522,0.8334,0.7988,0.7475,0.84,0.8757,0.876,0.8764,0.8278,0.7599,0.7399,0,0.8733,0.8856,0.8797,0.8909,0.8591,0.8315,0.7784,0.6397,0.8638,0.9004,0.8966,0.8956,0.879,0.8524,0.8593,0.8114,0.8596,0.8799,0.8818,0.904,0.8853,0.8692,0.8602,0.8408,0.8674,0.9055,0.8833,0.8867,0.855,0.8475,0.839,0.805],[0.7527,0.8905,0.8926,0.8848,0.8862,0.8804,0.8745,0.8709,0.6308,0.8961,0.9056,0.8875,0.8989,0.8921,0.8797,0.8733,0,0.904,0.8878,0.8679,0.8925,0.8827,0.8765,0.8478,0.6805,0.9153,0.8981,0.8931,0.9069,0.8971,0.8833,0.8858,0.8286,0.8998,0.8942,0.8976,0.9143,0.8942,0.8885,0.8911,0.8228,0.9058,0.9154,0.9031,0.9106,0.8983,0.9006,0.8961],[0.8932,0.7745,0.8975,0.8805,0.8694,0.8819,0.8986,0.8828,0.9075,0.718,0.8921,0.8959,0.8783,0.8811,0.902,0.8856,0.904,0,0.8951,0.8923,0.8705,0.8963,0.8961,0.8769,0.9112,0.7033,0.905,0.8887,0.8879,0.8982,0.8952,0.8957,0.9043,0.8627,0.904,0.9149,0.8846,0.8872,0.8932,0.9069,0.9008,0.888,0.915,0.8923,0.9082,0.8886,0.8885,0.8898],[0.872,0.8755,0.7223,0.8959,0.8665,0.8788,0.8842,0.8804,0.8886,0.8843,0.6631,0.8967,0.8609,0.8862,0.8811,0.8797,0.8878,0.8951,0,0.8919,0.8734,0.8817,0.8654,0.871,0.8805,0.9023,0.6555,0.9004,0.8781,0.8705,0.8566,0.8652,0.8971,0.8979,0.8234,0.8989,0.8798,0.8837,0.8768,0.8895,0.8948,0.883,0.841,0.8979,0.8721,0.895,0.8958,0.8833],[0.8913,0.8774,0.8859,0.7156,0.8782,0.9003,0.8797,0.8742,0.8815,0.8912,0.9033,0.6258,0.8632,0.9004,0.8858,0.8909,0.8679,0.8923,0.8919,0,0.874,0.8862,0.8844,0.8968,0.8853,0.9003,0.9056,0.617,0.8911,0.8973,0.9076,0.9108,0.8923,0.9019,0.89,0.834,0.888,0.8891,0.9012,0.9027,0.9021,0.9087,0.8932,0.7873,0.8902,0.8902,0.8906,0.8973],[0.9021,0.8794,0.8817,0.8767,0.7814,0.8664,0.8771,0.8828,0.8814,0.8763,0.876,0.8698,0.6173,0.8251,0.8651,0.8591,0.8925,0.8705,0.8734,0.874,0,0.7812,0.818,0.8247,0.8871,0.9018,0.876,0.883,0.7165,0.8363,0.8498,0.8902,0.9016,0.8917,0.8888,0.8864,0.8119,0.8505,0.878,0.8878,0.8933,0.9078,0.8959,0.8887,0.7929,0.8589,0.8768,0.895],[0.8809,0.8764,0.8927,0.8881,0.8581,0.7849,0.8325,0.8751,0.9078,0.8845,0.881,0.8943,0.8248,0.6525,0.7786,0.8315,0.8827,0.8963,0.8817,0.8862,0.7812,0,0.7111,0.7726,0.8837,0.8915,0.8941,0.8941,0.8282,0.7137,0.832,0.8443,0.8925,0.8966,0.9001,0.8938,0.8564,0.7861,0.845,0.8927,0.8817,0.8981,0.8897,0.8972,0.8551,0.8136,0.8439,0.8797],[0.8519,0.8936,0.8817,0.8777,0.8754,0.8283,0.7915,0.8432,0.8694,0.8966,0.8808,0.8817,0.8528,0.7872,0.6226,0.7784,0.8765,0.8961,0.8654,0.8844,0.818,0.7111,0,0.7122,0.8731,0.9002,0.893,0.8968,0.8767,0.8175,0.7378,0.8492,0.8786,0.9018,0.8969,0.8815,0.8783,0.848,0.7999,0.8866,0.8925,0.9126,0.8912,0.9124,0.8714,0.8613,0.8236,0.8646],[0.8543,0.8867,0.8851,0.8899,0.8679,0.8462,0.8516,0.795,0.8634,0.8935,0.8724,0.8963,0.8609,0.811,0.8009,0.6397,0.8478,0.8769,0.871,0.8968,0.8247,0.7726,0.7122,0,0.8406,0.8927,0.8978,0.9045,0.8793,0.8314,0.8296,0.7535,0.8826,0.8964,0.902,0.9086,0.8916,0.8691,0.8772,0.8558,0.8685,0.901,0.8915,0.8964,0.8824,0.8806,0.8719,0.8397],[0.7533,0.8926,0.8987,0.8797,0.8764,0.8679,0.8742,0.8563,0.7412,0.8942,0.9019,0.8845,0.8885,0.8695,0.8841,0.8638,0.6805,0.9112,0.8805,0.8853,0.8871,0.8837,0.8731,0.8406,0,0.9144,0.9057,0.8952,0.9038,0.9003,0.8862,0.8868,0.7631,0.9092,0.8936,0.8996,0.9036,0.8865,0.8808,0.881,0.8047,0.9131,0.9044,0.8978,0.8919,0.8964,0.8914,0.8804],[0.8987,0.7836,0.8863,0.8827,0.8856,0.8636,0.897,0.8861,0.9235,0.7587,0.9087,0.9068,0.8863,0.8792,0.8989,0.9004,0.9153,0.7033,0.9023,0.9003,0.9018,0.8915,0.9002,0.8927,0.9144,0,0.9092,0.9021,0.8905,0.8824,0.8945,0.9084,0.9098,0.7188,0.905,0.912,0.8825,0.8876,0.8965,0.9,0.9135,0.8317,0.9212,0.9078,0.8949,0.8788,0.9009,0.8991],[0.8828,0.8792,0.7079,0.9013,0.884,0.8722,0.892,0.8813,0.8951,0.8895,0.7063,0.896,0.8778,0.8953,0.9001,0.8966,0.8981,0.905,0.6555,0.9056,0.876,0.8941,0.893,0.8978,0.9057,0.9092,0,0.9096,0.8704,0.8585,0.8738,0.8773,0.9063,0.9066,0.7676,0.8996,0.8941,0.8841,0.8806,0.9048,0.9054,0.9082,0.8414,0.9145,0.8882,0.9034,0.9034,0.8904],[0.8695,0.8959,0.887,0.7131,0.8832,0.889,0.8932,0.8575,0.8848,0.8835,0.9,0.7375,0.8703,0.8947,0.8899,0.8956,0.8931,0.8887,0.9004,0.617,0.883,0.8941,0.8968,0.9045,0.8952,0.9021,0.9096,0,0.8856,0.8849,0.9043,0.8957,0.8964,0.9003,0.8984,0.7441,0.8779,0.8819,0.8918,0.906,0.8927,0.9101,0.8934,0.8126,0.8813,0.8853,0.8811,0.8901],[0.8986,0.8689,0.8846,0.889,0.7728,0.8451,0.8707,0.8835,0.8961,0.8816,0.8847,0.8801,0.7385,0.8339,0.8621,0.879,0.9069,0.8879,0.8781,0.8911,0.7165,0.8282,0.8767,0.8793,0.9038,0.8905,0.8704,0.8856,0,0.8031,0.8583,0.8605,0.9027,0.912,0.8888,0.8928,0.7404,0.8328,0.8687,0.8839,0.906,0.9024,0.8877,0.8885,0.8113,0.8668,0.8904,0.9037],[0.8831,0.8452,0.8702,0.8782,0.8185,0.7471,0.8232,0.866,0.9026,0.8519,0.8758,0.8865,0.8452,0.7414,0.8136,0.8524,0.8971,0.8982,0.8705,0.8973,0.8363,0.7137,0.8175,0.8314,0.9003,0.8824,0.8585,0.8849,0.8031,0,0.734,0.7517,0.8907,0.9038,0.8674,0.8753,0.8373,0.6542,0.8063,0.8383,0.886,0.8821,0.8923,0.9009,0.8579,0.8058,0.8527,0.865],[0.8539,0.8695,0.8378,0.899,0.861,0.8253,0.7568,0.8718,0.8845,0.8841,0.8723,0.91,0.8659,0.82,0.7507,0.8593,0.8833,0.8952,0.8566,0.9076,0.8498,0.832,0.7378,0.8296,0.8862,0.8945,0.8738,0.9043,0.8583,0.734,0,0.7581,0.8838,0.9112,0.8643,0.8889,0.8721,0.7935,0.6688,0.7895,0.865,0.9084,0.8965,0.9031,0.8565,0.8375,0.8134,0.8506],[0.8562,0.8715,0.8839,0.8984,0.8725,0.8529,0.8558,0.8405,0.8844,0.8942,0.9004,0.8987,0.8927,0.8414,0.8405,0.8114,0.8858,0.8957,0.8652,0.9108,0.8902,0.8443,0.8492,0.7535,0.8868,0.9084,0.8773,0.8957,0.8605,0.7517,0.7581,0,0.8713,0.8951,0.8722,0.9088,0.9002,0.8326,0.8038,0.7609,0.8794,0.9055,0.9003,0.9086,0.8996,0.8646,0.8803,0.8413],[0.8115,0.8754,0.8948,0.8826,0.8711,0.8775,0.891,0.8644,0.8362,0.8869,0.8916,0.9018,0.8884,0.8813,0.8802,0.8596,0.8286,0.9043,0.8971,0.8923,0.9016,0.8925,0.8786,0.8826,0.7631,0.9098,0.9063,0.8964,0.9027,0.8907,0.8838,0.8713,0,0.9036,0.8941,0.902,0.8959,0.8705,0.8718,0.8736,0.6492,0.9023,0.9195,0.9001,0.8787,0.8803,0.8803,0.8663],[0.8956,0.8301,0.8949,0.9007,0.9047,0.8896,0.9038,0.8865,0.9033,0.8255,0.9037,0.9106,0.8915,0.8731,0.8816,0.8799,0.8998,0.8627,0.8979,0.9019,0.8917,0.8966,0.9018,0.8964,0.9092,0.7188,0.9066,0.9003,0.912,0.9038,0.9112,0.8951,0.9036,0,0.8994,0.9134,0.9133,0.8964,0.9104,0.9037,0.8946,0.7383,0.9171,0.903,0.9015,0.867,0.9133,0.9047],[0.8858,0.8847,0.7901,0.8932,0.8701,0.8568,0.8675,0.8978,0.8996,0.8924,0.8203,0.9007,0.8831,0.8828,0.8956,0.8818,0.8942,0.904,0.8234,0.89,0.8888,0.9001,0.8969,0.902,0.8936,0.905,0.7676,0.8984,0.8888,0.8674,0.8643,0.8722,0.8941,0.8994,0,0.9095,0.8875,0.8628,0.8468,0.8785,0.905,0.9101,0.7156,0.8823,0.8677,0.8736,0.8576,0.8653],[0.8899,0.9018,0.8903,0.8016,0.8992,0.889,0.8878,0.8871,0.8927,0.9027,0.9165,0.8253,0.8892,0.8789,0.8662,0.904,0.8976,0.9149,0.8989,0.834,0.8864,0.8938,0.8815,0.9086,0.8996,0.912,0.8996,0.7441,0.8928,0.8753,0.8889,0.9088,0.902,0.9134,0.9095,0,0.8748,0.8602,0.8855,0.8955,0.8981,0.9162,0.916,0.7265,0.8728,0.8578,0.8859,0.8993],[0.9047,0.8776,0.8765,0.8895,0.837,0.8466,0.8691,0.8809,0.9045,0.8885,0.8862,0.8729,0.7879,0.8519,0.8707,0.8853,0.9143,0.8846,0.8798,0.888,0.8119,0.8564,0.8783,0.8916,0.9036,0.8825,0.8941,0.8779,0.7404,0.8373,0.8721,0.9002,0.8959,0.9133,0.8875,0.8748,0,0.8292,0.8768,0.8714,0.8883,0.8921,0.8897,0.8788,0.7358,0.8414,0.8707,0.8789],[0.8704,0.8466,0.8792,0.8794,0.8514,0.8121,0.8253,0.874,0.8822,0.8728,0.8717,0.8903,0.8236,0.7265,0.819,0.8692,0.8942,0.8872,0.8837,0.8891,0.8505,0.7861,0.848,0.8691,0.8865,0.8876,0.8841,0.8819,0.8328,0.6542,0.7935,0.8326,0.8705,0.8964,0.8628,0.8602,0.8292,0,0.7367,0.8181,0.8706,0.8853,0.8913,0.8712,0.842,0.7132,0.8189,0.8462],[0.8494,0.8752,0.8746,0.883,0.8725,0.8424,0.7686,0.8451,0.8779,0.8763,0.8904,0.8902,0.855,0.8018,0.778,0.8602,0.8885,0.8932,0.8768,0.9012,0.878,0.845,0.7999,0.8772,0.8808,0.8965,0.8806,0.8918,0.8687,0.8063,0.6688,0.8038,0.8718,0.9104,0.8468,0.8855,0.8768,0.7367,0,0.7524,0.8723,0.9046,0.8858,0.88,0.8824,0.8068,0.7048,0.7826],[0.8746,0.8752,0.888,0.8925,0.91,0.8908,0.8652,0.8413,0.8818,0.8905,0.9005,0.8996,0.8916,0.8762,0.8745,0.8408,0.8911,0.9069,0.8895,0.9027,0.8878,0.8927,0.8866,0.8558,0.881,0.9,0.9048,0.906,0.8839,0.8383,0.7895,0.7609,0.8736,0.9037,0.8785,0.8955,0.8714,0.8181,0.7524,0,0.8697,0.8963,0.904,0.8869,0.8798,0.8481,0.7991,0.7664],[0.8018,0.8989,0.8774,0.8857,0.8794,0.8832,0.8716,0.873,0.7718,0.8886,0.8873,0.8996,0.8944,0.8794,0.8754,0.8674,0.8228,0.9008,0.8948,0.9021,0.8933,0.8817,0.8925,0.8685,0.8047,0.9135,0.9054,0.8927,0.906,0.886,0.865,0.8794,0.6492,0.8946,0.905,0.8981,0.8883,0.8706,0.8723,0.8697,0,0.9073,0.9067,0.8997,0.8908,0.8915,0.8637,0.8396],[0.8949,0.8458,0.8632,0.8855,0.8823,0.8674,0.9035,0.9,0.9144,0.8388,0.9042,0.9099,0.9062,0.8715,0.9018,0.9055,0.9058,0.888,0.883,0.9087,0.9078,0.8981,0.9126,0.901,0.9131,0.8317,0.9082,0.9101,0.9024,0.8821,0.9084,0.9055,0.9023,0.7383,0.9101,0.9162,0.8921,0.8853,0.9046,0.8963,0.9073,0,0.9099,0.9184,0.8825,0.8797,0.9035,0.8932],[0.8941,0.8996,0.8045,0.892,0.8671,0.8667,0.8726,0.8834,0.8992,0.904,0.8067,0.9107,0.8814,0.8588,0.8832,0.8833,0.9154,0.915,0.841,0.8932,0.8959,0.8897,0.8912,0.8915,0.9044,0.9212,0.8414,0.8934,0.8877,0.8923,0.8965,0.9003,0.9195,0.9171,0.7156,0.916,0.8897,0.8913,0.8858,0.904,0.9067,0.9099,0,0.913,0.8778,0.8793,0.8715,0.8948],[0.8775,0.8995,0.9,0.7851,0.8787,0.8852,0.8786,0.8526,0.889,0.9053,0.902,0.8035,0.8804,0.8803,0.8885,0.8867,0.9031,0.8923,0.8979,0.7873,0.8887,0.8972,0.9124,0.8964,0.8978,0.9078,0.9145,0.8126,0.8885,0.9009,0.9031,0.9086,0.9001,0.903,0.8823,0.7265,0.8788,0.8712,0.88,0.8869,0.8997,0.9184,0.913,0,0.8712,0.8552,0.8823,0.8665],[0.8866,0.8956,0.8603,0.8816,0.7912,0.8421,0.8679,0.8861,0.8937,0.9021,0.872,0.8795,0.7674,0.832,0.8697,0.855,0.9106,0.9082,0.8721,0.8902,0.7929,0.8551,0.8714,0.8824,0.8919,0.8949,0.8882,0.8813,0.8113,0.8579,0.8565,0.8996,0.8787,0.9015,0.8677,0.8728,0.7358,0.842,0.8824,0.8798,0.8908,0.8825,0.8778,0.8712,0,0.8005,0.8498,0.8855],[0.8812,0.8635,0.8877,0.8719,0.8606,0.77,0.8292,0.8543,0.8905,0.881,0.8842,0.8852,0.8379,0.7173,0.8137,0.8475,0.8983,0.8886,0.895,0.8902,0.8589,0.8136,0.8613,0.8806,0.8964,0.8788,0.9034,0.8853,0.8668,0.8058,0.8375,0.8646,0.8803,0.867,0.8736,0.8578,0.8414,0.7132,0.8068,0.8481,0.8915,0.8797,0.8793,0.8552,0.8005,0,0.7968,0.84],[0.871,0.8835,0.8857,0.8874,0.8656,0.8485,0.7958,0.8463,0.8963,0.8817,0.8785,0.8917,0.8713,0.8174,0.7691,0.839,0.9006,0.8885,0.8958,0.8906,0.8768,0.8439,0.8236,0.8719,0.8914,0.9009,0.9034,0.8811,0.8904,0.8527,0.8134,0.8803,0.8803,0.9133,0.8576,0.8859,0.8707,0.8189,0.7048,0.7991,0.8637,0.9035,0.8715,0.8823,0.8498,0.7968,0,0.7711],[0.8612,0.8468,0.8746,0.8762,0.8676,0.8466,0.7962,0.755,0.8859,0.8709,0.8616,0.8866,0.8906,0.8541,0.8309,0.805,0.8961,0.8898,0.8833,0.8973,0.895,0.8797,0.8646,0.8397,0.8804,0.8991,0.8904,0.8901,0.9037,0.865,0.8506,0.8413,0.8663,0.9047,0.8653,0.8993,0.8789,0.8462,0.7826,0.7664,0.8396,0.8932,0.8948,0.8665,0.8855,0.84,0.7711,0]],"k":[[0,0,0,0,0,0,0,0,0.0453,0.0453,0.0453,0.0453,0.0453,0.0453,0.0453,0.0453,0.0608,0.0608,0.0608,0.0608,0.0608,0.0608,0.0608,0.0608,0.1281,0.1281,0.1281,0.1281,0.1281,0.1281,0.1281,0.1281,0.0828,0.0828,0.0828,0.0828,0.0828,0.0828,0.0828,0.0828,0.1668,0.1668,0.1668,0.1668,0.1668,0.1668,0.1668,0.1668],[0,0,0,0,0,0,0,0,0.0453,0.0453,0.0453,0.0453,0.0453,0.0453,0.0453,0.0453,0.0608,0.0608,0.0608,0.0608,0.0608,0.0608,0.0608,0.0608,0.1281,0.1281,0.1281,0.1281,0.1281,0.1281,0.1281,0.1281,0.0828,0.0828,0.0828,0.0828,0.0828,0.0828,0.0828,0.0828,0.1668,0.1668,0.1668,0.1668,0.1668,0.1668,0.1668,0.1668],[0,0,0,0,0,0,0,0,0.0453,0.0453,0.0453,0.0453,0.0453,0.0453,0.0453,0.0453,0.0608,0.0608,0.0608,0.0608,0.0608,0.0608,0.0608,0.0608,0.1281,0.1281,0.1281,0.1281,0.1281,0.1281,0.1281,0.1281,0.0828,0.0828,0.0828,0.0828,0.0828,0.0828,0.0828,0.0828,0.1668,0.1668,0.1668,0.1668,0.1668,0.1668,0.1668,0.1668],[0,0,0,0,0,0,0,0,0.0453,0.0453,0.0453,0.0453,0.0453,0.0453,0.0453,0.0453,0.0608,0.0608,0.0608,0.0608,0.0608,0.0608,0.0608,0.0608,0.1281,0.1281,0.1281,0.1281,0.1281,0.1281,0.1281,0.1281,0.0828,0.0828,0.0828,0.0828,0.0828,0.0828,0.0828,0.0828,0.1668,0.1668,0.1668,0.1668,0.1668,0.1668,0.1668,0.1668],[0,0,0,0,0,0,0,0,0.0453,0.0453,0.0453,0.0453,0.0453,0.0453,0.0453,0.0453,0.0608,0.0608,0.0608,0.0608,0.0608,0.0608,0.0608,0.0608,0.1281,0.1281,0.1281,0.1281,0.1281,0.1281,0.1281,0.1281,0.0828,0.0828,0.0828,0.0828,0.0828,0.0828,0.0828,0.0828,0.1668,0.1668,0.1668,0.1668,0.1668,0.1668,0.1668,0.1668],[0,0,0,0,0,0,0,0,0.0453,0.0453,0.0453,0.0453,0.0453,0.0453,0.0453,0.0453,0.0608,0.0608,0.0608,0.0608,0.0608,0.0608,0.0608,0.0608,0.1281,0.1281,0.1281,0.1281,0.1281,0.1281,0.1281,0.1281,0.0828,0.0828,0.0828,0.0828,0.0828,0.0828,0.0828,0.0828,0.1668,0.1668,0.1668,0.1668,0.1668,0.1668,0.1668,0.1668],[0,0,0,0,0,0,0,0,0.0453,0.0453,0.0453,0.0453,0.0453,0.0453,0.0453,0.0453,0.0608,0.0608,0.0608,0.0608,0.0608,0.0608,0.0608,0.0608,0.1281,0.1281,0.1281,0.1281,0.1281,0.1281,0.1281,0.1281,0.0828,0.0828,0.0828,0.0828,0.0828,0.0828,0.0828,0.0828,0.1668,0.1668,0.1668,0.1668,0.1668,0.1668,0.1668,0.1668],[0,0,0,0,0,0,0,0,0.0453,0.0453,0.0453,0.0453,0.0453,0.0453,0.0453,0.0453,0.0608,0.0608,0.0608,0.0608,0.0608,0.0608,0.0608,0.0608,0.1281,0.1281,0.1281,0.1281,0.1281,0.1281,0.1281,0.1281,0.0828,0.0828,0.0828,0.0828,0.0828,0.0828,0.0828,0.0828,0.1668,0.1668,0.1668,0.1668,0.1668,0.1668,0.1668,0.1668],[0.0453,0.0453,0.0453,0.0453,0.0453,0.0453,0.0453,0.0453,0,0,0,0,0,0,0,0,0.0154,0.0154,0.0154,0.0154,0.0154,0.0154,0.0154,0.0154,0.0828,0.0828,0.0828,0.0828,0.0828,0.0828,0.0828,0.0828,0.1281,0.1281,0.1281,0.1281,0.1281,0.1281,0.1281,0.1281,0.2121,0.2121,0.2121,0.2121,0.2121,0.2121,0.2121,0.2121],[0.0453,0.0453,0.0453,0.0453,0.0453,0.0453,0.0453,0.0453,0,0,0,0,0,0,0,0,0.0154,0.0154,0.0154,0.0154,0.0154,0.0154,0.0154,0.0154,0.0828,0.0828,0.0828,0.0828,0.0828,0.0828,0.0828,0.0828,0.1281,0.1281,0.1281,0.1281,0.1281,0.1281,0.1281,0.1281,0.2121,0.2121,0.2121,0.2121,0.2121,0.2121,0.2121,0.2121],[0.0453,0.0453,0.0453,0.0453,0.0453,0.0453,0.0453,0.0453,0,0,0,0,0,0,0,0,0.0154,0.0154,0.0154,0.0154,0.0154,0.0154,0.0154,0.0154,0.0828,0.0828,0.0828,0.0828,0.0828,0.0828,0.0828,0.0828,0.1281,0.1281,0.1281,0.1281,0.1281,0.1281,0.1281,0.1281,0.2121,0.2121,0.2121,0.2121,0.2121,0.2121,0.2121,0.2121],[0.0453,0.0453,0.0453,0.0453,0.0453,0.0453,0.0453,0.0453,0,0,0,0,0,0,0,0,0.0154,0.0154,0.0154,0.0154,0.0154,0.0154,0.0154,0.0154,0.0828,0.0828,0.0828,0.0828,0.0828,0.0828,0.0828,0.0828,0.1281,0.1281,0.1281,0.1281,0.1281,0.1281,0.1281,0.1281,0.2121,0.2121,0.2121,0.2121,0.2121,0.2121,0.2121,0.2121],[0.0453,0.0453,0.0453,0.0453,0.0453,0.0453,0.0453,0.0453,0,0,0,0,0,0,0,0,0.0154,0.0154,0.0154,0.0154,0.0154,0.0154,0.0154,0.0154,0.0828,0.0828,0.0828,0.0828,0.0828,0.0828,0.0828,0.0828,0.1281,0.1281,0.1281,0.1281,0.1281,0.1281,0.1281,0.1281,0.2121,0.2121,0.2121,0.2121,0.2121,0.2121,0.2121,0.2121],[0.0453,0.0453,0.0453,0.0453,0.0453,0.0453,0.0453,0.0453,0,0,0,0,0,0,0,0,0.0154,0.0154,0.0154,0.0154,0.0154,0.0154,0.0154,0.0154,0.0828,0.0828,0.0828,0.0828,0.0828,0.0828,0.0828,0.0828,0.1281,0.1281,0.1281,0.1281,0.1281,0.1281,0.1281,0.1281,0.2121,0.2121,0.2121,0.2121,0.2121,0.2121,0.2121,0.2121],[0.0453,0.0453,0.0453,0.0453,0.0453,0.0453,0.0453,0.0453,0,0,0,0,0,0,0,0,0.0154,0.0154,0.0154,0.0154,0.0154,0.0154,0.0154,0.0154,0.0828,0.0828,0.0828,0.0828,0.0828,0.0828,0.0828,0.0828,0.1281,0.1281,0.1281,0.1281,0.1281,0.1281,0.1281,0.1281,0.2121,0.2121,0.2121,0.2121,0.2121,0.2121,0.2121,0.2121],[0.0453,0.0453,0.0453,0.0453,0.0453,0.0453,0.0453,0.0453,0,0,0,0,0,0,0,0,0.0154,0.0154,0.0154,0.0154,0.0154,0.0154,0.0154,0.0154,0.0828,0.0828,0.0828,0.0828,0.0828,0.0828,0.0828,0.0828,0.1281,0.1281,0.1281,0.1281,0.1281,0.1281,0.1281,0.1281,0.2121,0.2121,0.2121,0.2121,0.2121,0.2121,0.2121,0.2121],[0.0608,0.0608,0.0608,0.0608,0.0608,0.0608,0.0608,0.0608,0.0154,0.0154,0.0154,0.0154,0.0154,0.0154,0.0154,0.0154,0,0,0,0,0,0,0,0,0.0674,0.0674,0.0674,0.0674,0.0674,0.0674,0.0674,0.0674,0.1127,0.1127,0.1127,0.1127,0.1127,0.1127,0.1127,0.1127,0.1967,0.1967,0.1967,0.1967,0.1967,0.1967,0.1967,0.1967],[0.0608,0.0608,0.0608,0.0608,0.0608,0.0608,0.0608,0.0608,0.0154,0.0154,0.0154,0.0154,0.0154,0.0154,0.0154,0.0154,0,0,0,0,0,0,0,0,0.0674,0.0674,0.0674,0.0674,0.0674,0.0674,0.0674,0.0674,0.1127,0.1127,0.1127,0.1127,0.1127,0.1127,0.1127,0.1127,0.1967,0.1967,0.1967,0.1967,0.1967,0.1967,0.1967,0.1967],[0.0608,0.0608,0.0608,0.0608,0.0608,0.0608,0.0608,0.0608,0.0154,0.0154,0.0154,0.0154,0.0154,0.0154,0.0154,0.0154,0,0,0,0,0,0,0,0,0.0674,0.0674,0.0674,0.0674,0.0674,0.0674,0.0674,0.0674,0.1127,0.1127,0.1127,0.1127,0.1127,0.1127,0.1127,0.1127,0.1967,0.1967,0.1967,0.1967,0.1967,0.1967,0.1967,0.1967],[0.0608,0.0608,0.0608,0.0608,0.0608,0.0608,0.0608,0.0608,0.0154,0.0154,0.0154,0.0154,0.0154,0.0154,0.0154,0.0154,0,0,0,0,0,0,0,0,0.0674,0.0674,0.0674,0.0674,0.0674,0.0674,0.0674,0.0674,0.1127,0.1127,0.1127,0.1127,0.1127,0.1127,0.1127,0.1127,0.1967,0.1967,0.1967,0.1967,0.1967,0.1967,0.1967,0.1967],[0.0608,0.0608,0.0608,0.0608,0.0608,0.0608,0.0608,0.0608,0.0154,0.0154,0.0154,0.0154,0.0154,0.0154,0.0154,0.0154,0,0,0,0,0,0,0,0,0.0674,0.0674,0.0674,0.0674,0.0674,0.0674,0.0674,0.0674,0.1127,0.1127,0.1127,0.1127,0.1127,0.1127,0.1127,0.1127,0.1967,0.1967,0.1967,0.1967,0.1967,0.1967,0.1967,0.1967],[0.0608,0.0608,0.0608,0.0608,0.0608,0.0608,0.0608,0.0608,0.0154,0.0154,0.0154,0.0154,0.0154,0.0154,0.0154,0.0154,0,0,0,0,0,0,0,0,0.0674,0.0674,0.0674,0.0674,0.0674,0.0674,0.0674,0.0674,0.1127,0.1127,0.1127,0.1127,0.1127,0.1127,0.1127,0.1127,0.1967,0.1967,0.1967,0.1967,0.1967,0.1967,0.1967,0.1967],[0.0608,0.0608,0.0608,0.0608,0.0608,0.0608,0.0608,0.0608,0.0154,0.0154,0.0154,0.0154,0.0154,0.0154,0.0154,0.0154,0,0,0,0,0,0,0,0,0.0674,0.0674,0.0674,0.0674,0.0674,0.0674,0.0674,0.0674,0.1127,0.1127,0.1127,0.1127,0.1127,0.1127,0.1127,0.1127,0.1967,0.1967,0.1967,0.1967,0.1967,0.1967,0.1967,0.1967],[0.0608,0.0608,0.0608,0.0608,0.0608,0.0608,0.0608,0.0608,0.0154,0.0154,0.0154,0.0154,0.0154,0.0154,0.0154,0.0154,0,0,0,0,0,0,0,0,0.0674,0.0674,0.0674,0.0674,0.0674,0.0674,0.0674,0.0674,0.1127,0.1127,0.1127,0.1127,0.1127,0.1127,0.1127,0.1127,0.1967,0.1967,0.1967,0.1967,0.1967,0.1967,0.1967,0.1967],[0.1281,0.1281,0.1281,0.1281,0.1281,0.1281,0.1281,0.1281,0.0828,0.0828,0.0828,0.0828,0.0828,0.0828,0.0828,0.0828,0.0674,0.0674,0.0674,0.0674,0.0674,0.0674,0.0674,0.0674,0,0,0,0,0,0,0,0,0.0453,0.0453,0.0453,0.0453,0.0453,0.0453,0.0453,0.0453,0.1293,0.1293,0.1293,0.1293,0.1293,0.1293,0.1293,0.1293],[0.1281,0.1281,0.1281,0.1281,0.1281,0.1281,0.1281,0.1281,0.0828,0.0828,0.0828,0.0828,0.0828,0.0828,0.0828,0.0828,0.0674,0.0674,0.0674,0.0674,0.0674,0.0674,0.0674,0.0674,0,0,0,0,0,0,0,0,0.0453,0.0453,0.0453,0.0453,0.0453,0.0453,0.0453,0.0453,0.1293,0.1293,0.1293,0.1293,0.1293,0.1293,0.1293,0.1293],[0.1281,0.1281,0.1281,0.1281,0.1281,0.1281,0.1281,0.1281,0.0828,0.0828,0.0828,0.0828,0.0828,0.0828,0.0828,0.0828,0.0674,0.0674,0.0674,0.0674,0.0674,0.0674,0.0674,0.0674,0,0,0,0,0,0,0,0,0.0453,0.0453,0.0453,0.0453,0.0453,0.0453,0.0453,0.0453,0.1293,0.1293,0.1293,0.1293,0.1293,0.1293,0.1293,0.1293],[0.1281,0.1281,0.1281,0.1281,0.1281,0.1281,0.1281,0.1281,0.0828,0.0828,0.0828,0.0828,0.0828,0.0828,0.0828,0.0828,0.0674,0.0674,0.0674,0.0674,0.0674,0.0674,0.0674,0.0674,0,0,0,0,0,0,0,0,0.0453,0.0453,0.0453,0.0453,0.0453,0.0453,0.0453,0.0453,0.1293,0.1293,0.1293,0.1293,0.1293,0.1293,0.1293,0.1293],[0.1281,0.1281,0.1281,0.1281,0.1281,0.1281,0.1281,0.1281,0.0828,0.0828,0.0828,0.0828,0.0828,0.0828,0.0828,0.0828,0.0674,0.0674,0.0674,0.0674,0.0674,0.0674,0.0674,0.0674,0,0,0,0,0,0,0,0,0.0453,0.0453,0.0453,0.0453,0.0453,0.0453,0.0453,0.0453,0.1293,0.1293,0.1293,0.1293,0.1293,0.1293,0.1293,0.1293],[0.1281,0.1281,0.1281,0.1281,0.1281,0.1281,0.1281,0.1281,0.0828,0.0828,0.0828,0.0828,0.0828,0.0828,0.0828,0.0828,0.0674,0.0674,0.0674,0.0674,0.0674,0.0674,0.0674,0.0674,0,0,0,0,0,0,0,0,0.0453,0.0453,0.0453,0.0453,0.0453,0.0453,0.0453,0.0453,0.1293,0.1293,0.1293,0.1293,0.1293,0.1293,0.1293,0.1293],[0.1281,0.1281,0.1281,0.1281,0.1281,0.1281,0.1281,0.1281,0.0828,0.0828,0.0828,0.0828,0.0828,0.0828,0.0828,0.0828,0.0674,0.0674,0.0674,0.0674,0.0674,0.0674,0.0674,0.0674,0,0,0,0,0,0,0,0,0.0453,0.0453,0.0453,0.0453,0.0453,0.0453,0.0453,0.0453,0.1293,0.1293,0.1293,0.1293,0.1293,0.1293,0.1293,0.1293],[0.1281,0.1281,0.1281,0.1281,0.1281,0.1281,0.1281,0.1281,0.0828,0.0828,0.0828,0.0828,0.0828,0.0828,0.0828,0.0828,0.0674,0.0674,0.0674,0.0674,0.0674,0.0674,0.0674,0.0674,0,0,0,0,0,0,0,0,0.0453,0.0453,0.0453,0.0453,0.0453,0.0453,0.0453,0.0453,0.1293,0.1293,0.1293,0.1293,0.1293,0.1293,0.1293,0.1293],[0.0828,0.0828,0.0828,0.0828,0.0828,0.0828,0.0828,0.0828,0.1281,0.1281,0.1281,0.1281,0.1281,0.1281,0.1281,0.1281,0.1127,0.1127,0.1127,0.1127,0.1127,0.1127,0.1127,0.1127,0.0453,0.0453,0.0453,0.0453,0.0453,0.0453,0.0453,0.0453,0,0,0,0,0,0,0,0,0.084,0.084,0.084,0.084,0.084,0.084,0.084,0.084],[0.0828,0.0828,0.0828,0.0828,0.0828,0.0828,0.0828,0.0828,0.1281,0.1281,0.1281,0.1281,0.1281,0.1281,0.1281,0.1281,0.1127,0.1127,0.1127,0.1127,0.1127,0.1127,0.1127,0.1127,0.0453,0.0453,0.0453,0.0453,0.0453,0.0453,0.0453,0.0453,0,0,0,0,0,0,0,0,0.084,0.084,0.084,0.084,0.084,0.084,0.084,0.084],[0.0828,0.0828,0.0828,0.0828,0.0828,0.0828,0.0828,0.0828,0.1281,0.1281,0.1281,0.1281,0.1281,0.1281,0.1281,0.1281,0.1127,0.1127,0.1127,0.1127,0.1127,0.1127,0.1127,0.1127,0.0453,0.0453,0.0453,0.0453,0.0453,0.0453,0.0453,0.0453,0,0,0,0,0,0,0,0,0.084,0.084,0.084,0.084,0.084,0.084,0.084,0.084],[0.0828,0.0828,0.0828,0.0828,0.0828,0.0828,0.0828,0.0828,0.1281,0.1281,0.1281,0.1281,0.1281,0.1281,0.1281,0.1281,0.1127,0.1127,0.1127,0.1127,0.1127,0.1127,0.1127,0.1127,0.0453,0.0453,0.0453,0.0453,0.0453,0.0453,0.0453,0.0453,0,0,0,0,0,0,0,0,0.084,0.084,0.084,0.084,0.084,0.084,0.084,0.084],[0.0828,0.0828,0.0828,0.0828,0.0828,0.0828,0.0828,0.0828,0.1281,0.1281,0.1281,0.1281,0.1281,0.1281,0.1281,0.1281,0.1127,0.1127,0.1127,0.1127,0.1127,0.1127,0.1127,0.1127,0.0453,0.0453,0.0453,0.0453,0.0453,0.0453,0.0453,0.0453,0,0,0,0,0,0,0,0,0.084,0.084,0.084,0.084,0.084,0.084,0.084,0.084],[0.0828,0.0828,0.0828,0.0828,0.0828,0.0828,0.0828,0.0828,0.1281,0.1281,0.1281,0.1281,0.1281,0.1281,0.1281,0.1281,0.1127,0.1127,0.1127,0.1127,0.1127,0.1127,0.1127,0.1127,0.0453,0.0453,0.0453,0.0453,0.0453,0.0453,0.0453,0.0453,0,0,0,0,0,0,0,0,0.084,0.084,0.084,0.084,0.084,0.084,0.084,0.084],[0.0828,0.0828,0.0828,0.0828,0.0828,0.0828,0.0828,0.0828,0.1281,0.1281,0.1281,0.1281,0.1281,0.1281,0.1281,0.1281,0.1127,0.1127,0.1127,0.1127,0.1127,0.1127,0.1127,0.1127,0.0453,0.0453,0.0453,0.0453,0.0453,0.0453,0.0453,0.0453,0,0,0,0,0,0,0,0,0.084,0.084,0.084,0.084,0.084,0.084,0.084,0.084],[0.0828,0.0828,0.0828,0.0828,0.0828,0.0828,0.0828,0.0828,0.1281,0.1281,0.1281,0.1281,0.1281,0.1281,0.1281,0.1281,0.1127,0.1127,0.1127,0.1127,0.1127,0.1127,0.1127,0.1127,0.0453,0.0453,0.0453,0.0453,0.0453,0.0453,0.0453,0.0453,0,0,0,0,0,0,0,0,0.084,0.084,0.084,0.084,0.084,0.084,0.084,0.084],[0.1668,0.1668,0.1668,0.1668,0.1668,0.1668,0.1668,0.1668,0.2121,0.2121,0.2121,0.2121,0.2121,0.2121,0.2121,0.2121,0.1967,0.1967,0.1967,0.1967,0.1967,0.1967,0.1967,0.1967,0.1293,0.1293,0.1293,0.1293,0.1293,0.1293,0.1293,0.1293,0.084,0.084,0.084,0.084,0.084,0.084,0.084,0.084,0,0,0,0,0,0,0,0],[0.1668,0.1668,0.1668,0.1668,0.1668,0.1668,0.1668,0.1668,0.2121,0.2121,0.2121,0.2121,0.2121,0.2121,0.2121,0.2121,0.1967,0.1967,0.1967,0.1967,0.1967,0.1967,0.1967,0.1967,0.1293,0.1293,0.1293,0.1293,0.1293,0.1293,0.1293,0.1293,0.084,0.084,0.084,0.084,0.084,0.084,0.084,0.084,0,0,0,0,0,0,0,0],[0.1668,0.1668,0.1668,0.1668,0.1668,0.1668,0.1668,0.1668,0.2121,0.2121,0.2121,0.2121,0.2121,0.2121,0.2121,0.2121,0.1967,0.1967,0.1967,0.1967,0.1967,0.1967,0.1967,0.1967,0.1293,0.1293,0.1293,0.1293,0.1293,0.1293,0.1293,0.1293,0.084,0.084,0.084,0.084,0.084,0.084,0.084,0.084,0,0,0,0,0,0,0,0],[0.1668,0.1668,0.1668,0.1668,0.1668,0.1668,0.1668,0.1668,0.2121,0.2121,0.2121,0.2121,0.2121,0.2121,0.2121,0.2121,0.1967,0.1967,0.1967,0.1967,0.1967,0.1967,0.1967,0.1967,0.1293,0.1293,0.1293,0.1293,0.1293,0.1293,0.1293,0.1293,0.084,0.084,0.084,0.084,0.084,0.084,0.084,0.084,0,0,0,0,0,0,0,0],[0.1668,0.1668,0.1668,0.1668,0.1668,0.1668,0.1668,0.1668,0.2121,0.2121,0.2121,0.2121,0.2121,0.2121,0.2121,0.2121,0.1967,0.1967,0.1967,0.1967,0.1967,0.1967,0.1967,0.1967,0.1293,0.1293,0.1293,0.1293,0.1293,0.1293,0.1293,0.1293,0.084,0.084,0.084,0.084,0.084,0.084,0.084,0.084,0,0,0,0,0,0,0,0],[0.1668,0.1668,0.1668,0.1668,0.1668,0.1668,0.1668,0.1668,0.2121,0.2121,0.2121,0.2121,0.2121,0.2121,0.2121,0.2121,0.1967,0.1967,0.1967,0.1967,0.1967,0.1967,0.1967,0.1967,0.1293,0.1293,0.1293,0.1293,0.1293,0.1293,0.1293,0.1293,0.084,0.084,0.084,0.084,0.084,0.084,0.084,0.084,0,0,0,0,0,0,0,0],[0.1668,0.1668,0.1668,0.1668,0.1668,0.1668,0.1668,0.1668,0.2121,0.2121,0.2121,0.2121,0.2121,0.2121,0.2121,0.2121,0.1967,0.1967,0.1967,0.1967,0.1967,0.1967,0.1967,0.1967,0.1293,0.1293,0.1293,0.1293,0.1293,0.1293,0.1293,0.1293,0.084,0.084,0.084,0.084,0.084,0.084,0.084,0.084,0,0,0,0,0,0,0,0],[0.1668,0.1668,0.1668,0.1668,0.1668,0.1668,0.1668,0.1668,0.2121,0.2121,0.2121,0.2121,0.2121,0.2121,0.2121,0.2121,0.1967,0.1967,0.1967,0.1967,0.1967,0.1967,0.1967,0.1967,0.1293,0.1293,0.1293,0.1293,0.1293,0.1293,0.1293,0.1293,0.084,0.084,0.084,0.084,0.084,0.084,0.084,0.084,0,0,0,0,0,0,0,0]],"r":[[0,0.18,0.173,0.1727,0.5334,0.3058,0.208,0.1677,0,0.18,0.173,0.1727,0.5334,0.3058,0.208,0.1677,0,0.18,0.173,0.1727,0.5334,0.3058,0.208,0.1677,0,0.18,0.173,0.1727,0.5334,0.3058,0.208,0.1677,0,0.18,0.173,0.1727,0.5334,0.3058,0.208,0.1677,0,0.18,0.173,0.1727,0.5334,0.3058,0.208,0.1677],[0.18,0,0.1914,0.1917,0.5465,0.3187,0.2292,0.2115,0.18,0,0.1914,0.1917,0.5465,0.3187,0.2292,0.2115,0.18,0,0.1914,0.1917,0.5465,0.3187,0.2292,0.2115,0.18,0,0.1914,0.1917,0.5465,0.3187,0.2292,0.2115,0.18,0,0.1914,0.1917,0.5465,0.3187,0.2292,0.2115,0.18,0,0.1914,0.1917,0.5465,0.3187,0.2292,0.2115],[0.173,0.1914,0,0.2038,0.506,0.317,0.2135,0.1941,0.173,0.1914,0,0.2038,0.506,0.317,0.2135,0.1941,0.173,0.1914,0,0.2038,0.506,0.317,0.2135,0.1941,0.173,0.1914,0,0.2038,0.506,0.317,0.2135,0.1941,0.173,0.1914,0,0.2038,0.506,0.317,0.2135,0.1941,0.173,0.1914,0,0.2038,0.506,0.317,0.2135,0.1941],[0.1727,0.1917,0.2038,0,0.5492,0.312,0.2271,0.2079,0.1727,0.1917,0.2038,0,0.5492,0.312,0.2271,0.2079,0.1727,0.1917,0.2038,0,0.5492,0.312,0.2271,0.2079,0.1727,0.1917,0.2038,0,0.5492,0.312,0.2271,0.2079,0.1727,0.1917,0.2038,0,0.5492,0.312,0.2271,0.2079,0.1727,0.1917,0.2038,0,0.5492,0.312,0.2271,0.2079],[0.5334,0.5465,0.506,0.5492,0,0.2619,0.3828,0.4108,0.5334,0.5465,0.506,0.5492,0,0.2619,0.3828,0.4108,0.5334,0.5465,0.506,0.5492,0,0.2619,0.3828,0.4108,0.5334,0.5465,0.506,0.5492,0,0.2619,0.3828,0.4108,0.5334,0.5465,0.506,0.5492,0,0.2619,0.3828,0.4108,0.5334,0.5465,0.506,0.5492,0,0.2619,0.3828,0.4108],[0.3058,0.3187,0.317,0.312,0.2619,0,0.1209,0.1622,0.3058,0.3187,0.317,0.312,0.2619,0,0.1209,0.1622,0.3058,0.3187,0.317,0.312,0.2619,0,0.1209,0.1622,0.3058,0.3187,0.317,0.312,0.2619,0,0.1209,0.1622,0.3058,0.3187,0.317,0.312,0.2619,0,0.1209,0.1622,0.3058,0.3187,0.317,0.312,0.2619,0,0.1209,0.1622],[0.208,0.2292,0.2135,0.2271,0.3828,0.1209,0,0.1022,0.208,0.2292,0.2135,0.2271,0.3828,0.1209,0,0.1022,0.208,0.2292,0.2135,0.2271,0.3828,0.1209,0,0.1022,0.208,0.2292,0.2135,0.2271,0.3828,0.1209,0,0.1022,0.208,0.2292,0.2135,0.2271,0.3828,0.1209,0,0.1022,0.208,0.2292,0.2135,0.2271,0.3828,0.1209,0,0.1022],[0.1677,0.2115,0.1941,0.2079,0.4108,0.1622,0.1022,0,0.1677,0.2115,0.1941,0.2079,0.4108,0.1622,0.1022,0,0.1677,0.2115,0.1941,0.2079,0.4108,0.1622,0.1022,0,0.1677,0.2115,0.1941,0.2079,0.4108,0.1622,0.1022,0,0.1677,0.2115,0.1941,0.2079,0.4108,0.1622,0.1022,0,0.1677,0.2115,0.1941,0.2079,0.4108,0.1622,0.1022,0],[0,0.18,0.173,0.1727,0.5334,0.3058,0.208,0.1677,0,0.18,0.173,0.1727,0.5334,0.3058,0.208,0.1677,0,0.18,0.173,0.1727,0.5334,0.3058,0.208,0.1677,0,0.18,0.173,0.1727,0.5334,0.3058,0.208,0.1677,0,0.18,0.173,0.1727,0.5334,0.3058,0.208,0.1677,0,0.18,0.173,0.1727,0.5334,0.3058,0.208,0.1677],[0.18,0,0.1914,0.1917,0.5465,0.3187,0.2292,0.2115,0.18,0,0.1914,0.1917,0.5465,0.3187,0.2292,0.2115,0.18,0,0.1914,0.1917,0.5465,0.3187,0.2292,0.2115,0.18,0,0.1914,0.1917,0.5465,0.3187,0.2292,0.2115,0.18,0,0.1914,0.1917,0.5465,0.3187,0.2292,0.2115,0.18,0,0.1914,0.1917,0.5465,0.3187,0.2292,0.2115],[0.173,0.1914,0,0.2038,0.506,0.317,0.2135,0.1941,0.173,0.1914,0,0.2038,0.506,0.317,0.2135,0.1941,0.173,0.1914,0,0.2038,0.506,0.317,0.2135,0.1941,0.173,0.1914,0,0.2038,0.506,0.317,0.2135,0.1941,0.173,0.1914,0,0.2038,0.506,0.317,0.2135,0.1941,0.173,0.1914,0,0.2038,0.506,0.317,0.2135,0.1941],[0.1727,0.1917,0.2038,0,0.5492,0.312,0.2271,0.2079,0.1727,0.1917,0.2038,0,0.5492,0.312,0.2271,0.2079,0.1727,0.1917,0.2038,0,0.5492,0.312,0.2271,0.2079,0.1727,0.1917,0.2038,0,0.5492,0.312,0.2271,0.2079,0.1727,0.1917,0.2038,0,0.5492,0.312,0.2271,0.2079,0.1727,0.1917,0.2038,0,0.5492,0.312,0.2271,0.2079],[0.5334,0.5465,0.506,0.5492,0,0.2619,0.3828,0.4108,0.5334,0.5465,0.506,0.5492,0,0.2619,0.3828,0.4108,0.5334,0.5465,0.506,0.5492,0,0.2619,0.3828,0.4108,0.5334,0.5465,0.506,0.5492,0,0.2619,0.3828,0.4108,0.5334,0.5465,0.506,0.5492,0,0.2619,0.3828,0.4108,0.5334,0.5465,0.506,0.5492,0,0.2619,0.3828,0.4108],[0.3058,0.3187,0.317,0.312,0.2619,0,0.1209,0.1622,0.3058,0.3187,0.317,0.312,0.2619,0,0.1209,0.1622,0.3058,0.3187,0.317,0.312,0.2619,0,0.1209,0.1622,0.3058,0.3187,0.317,0.312,0.2619,0,0.1209,0.1622,0.3058,0.3187,0.317,0.312,0.2619,0,0.1209,0.1622,0.3058,0.3187,0.317,0.312,0.2619,0,0.1209,0.1622],[0.208,0.2292,0.2135,0.2271,0.3828,0.1209,0,0.1022,0.208,0.2292,0.2135,0.2271,0.3828,0.1209,0,0.1022,0.208,0.2292,0.2135,0.2271,0.3828,0.1209,0,0.1022,0.208,0.2292,0.2135,0.2271,0.3828,0.1209,0,0.1022,0.208,0.2292,0.2135,0.2271,0.3828,0.1209,0,0.1022,0.208,0.2292,0.2135,0.2271,0.3828,0.1209,0,0.1022],[0.1677,0.2115,0.1941,0.2079,0.4108,0.1622,0.1022,0,0.1677,0.2115,0.1941,0.2079,0.4108,0.1622,0.1022,0,0.1677,0.2115,0.1941,0.2079,0.4108,0.1622,0.1022,0,0.1677,0.2115,0.1941,0.2079,0.4108,0.1622,0.1022,0,0.1677,0.2115,0.1941,0.2079,0.4108,0.1622,0.1022,0,0.1677,0.2115,0.1941,0.2079,0.4108,0.1622,0.1022,0],[0,0.18,0.173,0.1727,0.5334,0.3058,0.208,0.1677,0,0.18,0.173,0.1727,0.5334,0.3058,0.208,0.1677,0,0.18,0.173,0.1727,0.5334,0.3058,0.208,0.1677,0,0.18,0.173,0.1727,0.5334,0.3058,0.208,0.1677,0,0.18,0.173,0.1727,0.5334,0.3058,0.208,0.1677,0,0.18,0.173,0.1727,0.5334,0.3058,0.208,0.1677],[0.18,0,0.1914,0.1917,0.5465,0.3187,0.2292,0.2115,0.18,0,0.1914,0.1917,0.5465,0.3187,0.2292,0.2115,0.18,0,0.1914,0.1917,0.5465,0.3187,0.2292,0.2115,0.18,0,0.1914,0.1917,0.5465,0.3187,0.2292,0.2115,0.18,0,0.1914,0.1917,0.5465,0.3187,0.2292,0.2115,0.18,0,0.1914,0.1917,0.5465,0.3187,0.2292,0.2115],[0.173,0.1914,0,0.2038,0.506,0.317,0.2135,0.1941,0.173,0.1914,0,0.2038,0.506,0.317,0.2135,0.1941,0.173,0.1914,0,0.2038,0.506,0.317,0.2135,0.1941,0.173,0.1914,0,0.2038,0.506,0.317,0.2135,0.1941,0.173,0.1914,0,0.2038,0.506,0.317,0.2135,0.1941,0.173,0.1914,0,0.2038,0.506,0.317,0.2135,0.1941],[0.1727,0.1917,0.2038,0,0.5492,0.312,0.2271,0.2079,0.1727,0.1917,0.2038,0,0.5492,0.312,0.2271,0.2079,0.1727,0.1917,0.2038,0,0.5492,0.312,0.2271,0.2079,0.1727,0.1917,0.2038,0,0.5492,0.312,0.2271,0.2079,0.1727,0.1917,0.2038,0,0.5492,0.312,0.2271,0.2079,0.1727,0.1917,0.2038,0,0.5492,0.312,0.2271,0.2079],[0.5334,0.5465,0.506,0.5492,0,0.2619,0.3828,0.4108,0.5334,0.5465,0.506,0.5492,0,0.2619,0.3828,0.4108,0.5334,0.5465,0.506,0.5492,0,0.2619,0.3828,0.4108,0.5334,0.5465,0.506,0.5492,0,0.2619,0.3828,0.4108,0.5334,0.5465,0.506,0.5492,0,0.2619,0.3828,0.4108,0.5334,0.5465,0.506,0.5492,0,0.2619,0.3828,0.4108],[0.3058,0.3187,0.317,0.312,0.2619,0,0.1209,0.1622,0.3058,0.3187,0.317,0.312,0.2619,0,0.1209,0.1622,0.3058,0.3187,0.317,0.312,0.2619,0,0.1209,0.1622,0.3058,0.3187,0.317,0.312,0.2619,0,0.1209,0.1622,0.3058,0.3187,0.317,0.312,0.2619,0,0.1209,0.1622,0.3058,0.3187,0.317,0.312,0.2619,0,0.1209,0.1622],[0.208,0.2292,0.2135,0.2271,0.3828,0.1209,0,0.1022,0.208,0.2292,0.2135,0.2271,0.3828,0.1209,0,0.1022,0.208,0.2292,0.2135,0.2271,0.3828,0.1209,0,0.1022,0.208,0.2292,0.2135,0.2271,0.3828,0.1209,0,0.1022,0.208,0.2292,0.2135,0.2271,0.3828,0.1209,0,0.1022,0.208,0.2292,0.2135,0.2271,0.3828,0.1209,0,0.1022],[0.1677,0.2115,0.1941,0.2079,0.4108,0.1622,0.1022,0,0.1677,0.2115,0.1941,0.2079,0.4108,0.1622,0.1022,0,0.1677,0.2115,0.1941,0.2079,0.4108,0.1622,0.1022,0,0.1677,0.2115,0.1941,0.2079,0.4108,0.1622,0.1022,0,0.1677,0.2115,0.1941,0.2079,0.4108,0.1622,0.1022,0,0.1677,0.2115,0.1941,0.2079,0.4108,0.1622,0.1022,0],[0,0.18,0.173,0.1727,0.5334,0.3058,0.208,0.1677,0,0.18,0.173,0.1727,0.5334,0.3058,0.208,0.1677,0,0.18,0.173,0.1727,0.5334,0.3058,0.208,0.1677,0,0.18,0.173,0.1727,0.5334,0.3058,0.208,0.1677,0,0.18,0.173,0.1727,0.5334,0.3058,0.208,0.1677,0,0.18,0.173,0.1727,0.5334,0.3058,0.208,0.1677],[0.18,0,0.1914,0.1917,0.5465,0.3187,0.2292,0.2115,0.18,0,0.1914,0.1917,0.5465,0.3187,0.2292,0.2115,0.18,0,0.1914,0.1917,0.5465,0.3187,0.2292,0.2115,0.18,0,0.1914,0.1917,0.5465,0.3187,0.2292,0.2115,0.18,0,0.1914,0.1917,0.5465,0.3187,0.2292,0.2115,0.18,0,0.1914,0.1917,0.5465,0.3187,0.2292,0.2115],[0.173,0.1914,0,0.2038,0.506,0.317,0.2135,0.1941,0.173,0.1914,0,0.2038,0.506,0.317,0.2135,0.1941,0.173,0.1914,0,0.2038,0.506,0.317,0.2135,0.1941,0.173,0.1914,0,0.2038,0.506,0.317,0.2135,0.1941,0.173,0.1914,0,0.2038,0.506,0.317,0.2135,0.1941,0.173,0.1914,0,0.2038,0.506,0.317,0.2135,0.1941],[0.1727,0.1917,0.2038,0,0.5492,0.312,0.2271,0.2079,0.1727,0.1917,0.2038,0,0.5492,0.312,0.2271,0.2079,0.1727,0.1917,0.2038,0,0.5492,0.312,0.2271,0.2079,0.1727,0.1917,0.2038,0,0.5492,0.312,0.2271,0.2079,0.1727,0.1917,0.2038,0,0.5492,0.312,0.2271,0.2079,0.1727,0.1917,0.2038,0,0.5492,0.312,0.2271,0.2079],[0.5334,0.5465,0.506,0.5492,0,0.2619,0.3828,0.4108,0.5334,0.5465,0.506,0.5492,0,0.2619,0.3828,0.4108,0.5334,0.5465,0.506,0.5492,0,0.2619,0.3828,0.4108,0.5334,0.5465,0.506,0.5492,0,0.2619,0.3828,0.4108,0.5334,0.5465,0.506,0.5492,0,0.2619,0.3828,0.4108,0.5334,0.5465,0.506,0.5492,0,0.2619,0.3828,0.4108],[0.3058,0.3187,0.317,0.312,0.2619,0,0.1209,0.1622,0.3058,0.3187,0.317,0.312,0.2619,0,0.1209,0.1622,0.3058,0.3187,0.317,0.312,0.2619,0,0.1209,0.1622,0.3058,0.3187,0.317,0.312,0.2619,0,0.1209,0.1622,0.3058,0.3187,0.317,0.312,0.2619,0,0.1209,0.1622,0.3058,0.3187,0.317,0.312,0.2619,0,0.1209,0.1622],[0.208,0.2292,0.2135,0.2271,0.3828,0.1209,0,0.1022,0.208,0.2292,0.2135,0.2271,0.3828,0.1209,0,0.1022,0.208,0.2292,0.2135,0.2271,0.3828,0.1209,0,0.1022,0.208,0.2292,0.2135,0.2271,0.3828,0.1209,0,0.1022,0.208,0.2292,0.2135,0.2271,0.3828,0.1209,0,0.1022,0.208,0.2292,0.2135,0.2271,0.3828,0.1209,0,0.1022],[0.1677,0.2115,0.1941,0.2079,0.4108,0.1622,0.1022,0,0.1677,0.2115,0.1941,0.2079,0.4108,0.1622,0.1022,0,0.1677,0.2115,0.1941,0.2079,0.4108,0.1622,0.1022,0,0.1677,0.2115,0.1941,0.2079,0.4108,0.1622,0.1022,0,0.1677,0.2115,0.1941,0.2079,0.4108,0.1622,0.1022,0,0.1677,0.2115,0.1941,0.2079,0.4108,0.1622,0.1022,0],[0,0.18,0.173,0.1727,0.5334,0.3058,0.208,0.1677,0,0.18,0.173,0.1727,0.5334,0.3058,0.208,0.1677,0,0.18,0.173,0.1727,0.5334,0.3058,0.208,0.1677,0,0.18,0.173,0.1727,0.5334,0.3058,0.208,0.1677,0,0.18,0.173,0.1727,0.5334,0.3058,0.208,0.1677,0,0.18,0.173,0.1727,0.5334,0.3058,0.208,0.1677],[0.18,0,0.1914,0.1917,0.5465,0.3187,0.2292,0.2115,0.18,0,0.1914,0.1917,0.5465,0.3187,0.2292,0.2115,0.18,0,0.1914,0.1917,0.5465,0.3187,0.2292,0.2115,0.18,0,0.1914,0.1917,0.5465,0.3187,0.2292,0.2115,0.18,0,0.1914,0.1917,0.5465