{"D":{"w":[[0,0.8715,0.8486,0.8252,0.8662,0.6374,0.8643,0.8275,0.8128,0.8835,0.3922,0.8653,0.8547,0.8131,0.8907,0.5796,0.8689,0.8535,0.8355,0.8872,0.6995,0.8832,0.8724,0.842,0.8859,0.7278,0.8871,0.8762,0.8372,0.8917,0.7512,0.8968,0.8605,0.8602,0.8843],[0.8715,0,0.8654,0.8402,0.8858,0.8648,0.6101,0.8504,0.8303,0.8713,0.8612,0.3439,0.8721,0.8443,0.8611,0.8784,0.5905,0.872,0.8399,0.8841,0.8933,0.5818,0.8854,0.8552,0.8847,0.8833,0.7461,0.8976,0.8657,0.8874,0.8827,0.7643,0.8938,0.8764,0.8788],[0.8486,0.8654,0,0.8785,0.8632,0.8309,0.8686,0.718,0.8905,0.8765,0.8549,0.8568,0.3778,0.8735,0.8467,0.8726,0.8721,0.582,0.8866,0.8524,0.8625,0.8757,0.6157,0.8908,0.8777,0.8726,0.8824,0.7472,0.8787,0.8795,0.8933,0.9049,0.7679,0.8792,0.852],[0.8252,0.8402,0.8785,0,0.8668,0.8234,0.8578,0.859,0.5825,0.8849,0.8187,0.8456,0.8675,0.3273,0.8878,0.8453,0.8663,0.8871,0.457,0.8701,0.8632,0.8589,0.8853,0.567,0.8814,0.8634,0.8975,0.8915,0.7371,0.8765,0.8767,0.8846,0.8963,0.7414,0.8795],[0.8662,0.8858,0.8632,0.8668,0,0.8789,0.8919,0.8641,0.8775,0.7811,0.8741,0.8824,0.8571,0.8699,0.6003,0.8681,0.8611,0.865,0.8545,0.6504,0.8955,0.8741,0.8605,0.871,0.7317,0.8879,0.8917,0.8764,0.8679,0.7772,0.875,0.8986,0.8672,0.8705,0.7601],[0.6374,0.8648,0.8309,0.8234,0.8789,0,0.8302,0.8101,0.7962,0.8215,0.6049,0.8651,0.8324,0.8261,0.8885,0.7171,0.8628,0.8528,0.8465,0.8825,0.7521,0.8737,0.8637,0.8515,0.8954,0.7453,0.8868,0.8643,0.872,0.8838,0.7625,0.8858,0.8667,0.8781,0.8642],[0.8643,0.6101,0.8686,0.8578,0.8919,0.8302,0,0.7894,0.8093,0.8799,0.8473,0.5692,0.8589,0.8476,0.8784,0.8813,0.7138,0.8756,0.8711,0.8991,0.8769,0.732,0.8695,0.8938,0.8943,0.8797,0.8006,0.888,0.8982,0.8977,0.8976,0.7669,0.889,0.9019,0.8915],[0.8275,0.8504,0.718,0.859,0.8641,0.8101,0.7894,0,0.8287,0.8596,0.8286,0.8408,0.694,0.8535,0.86,0.8628,0.868,0.7457,0.8621,0.8807,0.8663,0.8844,0.7552,0.8837,0.8791,0.8535,0.864,0.7965,0.8898,0.8769,0.8674,0.89,0.8087,0.8918,0.8716],[0.8128,0.8303,0.8905,0.5825,0.8775,0.7962,0.8093,0.8287,0,0.8348,0.8016,0.8307,0.8808,0.5551,0.8689,0.8508,0.8504,0.8921,0.6685,0.8874,0.8692,0.8657,0.8777,0.7251,0.8858,0.8757,0.8759,0.8819,0.7571,0.8793,0.869,0.8708,0.9001,0.7855,0.8814],[0.8835,0.8713,0.8765,0.8849,0.7811,0.8215,0.8799,0.8596,0.8348,0,0.8598,0.8732,0.8702,0.8712,0.7767,0.8754,0.8863,0.8818,0.8854,0.8134,0.889,0.8835,0.8685,0.884,0.8349,0.8789,0.8685,0.8725,0.8736,0.8297,0.8682,0.9069,0.8985,0.869,0.802],[0.3922,0.8612,0.8549,0.8187,0.8741,0.6049,0.8473,0.8286,0.8016,0.8598,0,0.8563,0.8522,0.8007,0.8852,0.552,0.8607,0.8572,0.8413,0.9021,0.6864,0.8723,0.8744,0.8515,0.8835,0.7153,0.8846,0.8781,0.8519,0.8919,0.7316,0.9064,0.8671,0.8651,0.8612],[0.8653,0.3439,0.8568,0.8456,0.8824,0.8651,0.5692,0.8408,0.8307,0.8732,0.8563,0,0.8576,0.8437,0.8778,0.8852,0.5938,0.8781,0.8398,0.8836,0.8929,0.6296,0.8793,0.861,0.8784,0.8939,0.7637,0.8957,0.8708,0.8905,0.8973,0.7715,0.8951,0.876,0.8828],[0.8547,0.8721,0.3778,0.8675,0.8571,0.8324,0.8589,0.694,0.8808,0.8702,0.8522,0.8576,0,0.8619,0.8519,0.8643,0.8677,0.6138,0.8751,0.8531,0.8655,0.8743,0.6496,0.8843,0.8855,0.8577,0.886,0.7549,0.8773,0.8831,0.8763,0.9017,0.7737,0.8768,0.8655],[0.8131,0.8443,0.8735,0.3273,0.8699,0.8261,0.8476,0.8535,0.5551,0.8712,0.8007,0.8437,0.8619,0,0.8762,0.8501,0.856,0.8838,0.508,0.8806,0.8595,0.8575,0.8841,0.6053,0.8841,0.8647,0.8937,0.8875,0.7503,0.8876,0.8843,0.887,0.8973,0.7668,0.883],[0.8907,0.8611,0.8467,0.8878,0.6003,0.8885,0.8784,0.86,0.8689,0.7767,0.8852,0.8778,0.8519,0.8762,0,0.87,0.8729,0.8582,0.8697,0.6155,0.8875,0.8651,0.862,0.8791,0.7566,0.8804,0.8907,0.8758,0.8649,0.7748,0.8747,0.8987,0.8627,0.8671,0.7582],[0.5796,0.8784,0.8726,0.8453,0.8681,0.7171,0.8813,0.8628,0.8508,0.8754,0.552,0.8852,0.8643,0.8501,0.87,0,0.8728,0.8722,0.8402,0.8662,0.6236,0.893,0.8878,0.8287,0.8795,0.7516,0.9075,0.866,0.8452,0.8781,0.7514,0.91,0.8785,0.8826,0.8678],[0.8689,0.5905,0.8721,0.8663,0.8611,0.8628,0.7138,0.868,0.8504,0.8863,0.8607,0.5938,0.8677,0.856,0.8729,0.8728,0,0.8833,0.8603,0.8541,0.8855,0.6198,0.8927,0.8644,0.8847,0.8994,0.7931,0.902,0.881,0.9035,0.9084,0.8169,0.9036,0.88,0.8877],[0.8535,0.872,0.582,0.8871,0.865,0.8528,0.8756,0.7457,0.8921,0.8818,0.8572,0.8781,0.6138,0.8838,0.8582,0.8722,0.8833,0,0.9005,0.8552,0.8704,0.8851,0.6002,0.8921,0.876,0.8621,0.8936,0.7263,0.8868,0.8882,0.8798,0.8926,0.7746,0.8968,0.8698],[0.8355,0.8399,0.8866,0.457,0.8545,0.8465,0.8711,0.8621,0.6685,0.8854,0.8413,0.8398,0.8751,0.508,0.8697,0.8402,0.8603,0.9005,0,0.8613,0.8654,0.8555,0.9025,0.4901,0.8655,0.8675,0.8886,0.8926,0.7494,0.8911,0.8693,0.8959,0.8968,0.7728,0.8819],[0.8872,0.8841,0.8524,0.8701,0.6504,0.8825,0.8991,0.8807,0.8874,0.8134,0.9021,0.8836,0.8531,0.8806,0.6155,0.8662,0.8541,0.8552,0.8613,0,0.8903,0.8855,0.8538,0.8657,0.7363,0.8691,0.8831,0.875,0.8592,0.7806,0.8835,0.8974,0.871,0.8665,0.7983],[0.6995,0.8933,0.8625,0.8632,0.8955,0.7521,0.8769,0.8663,0.8692,0.889,0.6864,0.8929,0.8655,0.8595,0.8875,0.6236,0.8855,0.8704,0.8654,0.8903,0,0.8964,0.8805,0.8384,0.8896,0.6584,0.9012,0.8738,0.867,0.8899,0.6932,0.9106,0.8798,0.886,0.8926],[0.8832,0.5818,0.8757,0.8589,0.8741,0.8737,0.732,0.8844,0.8657,0.8835,0.8723,0.6296,0.8743,0.8575,0.8651,0.893,0.6198,0.8851,0.8555,0.8855,0.8964,0,0.8869,0.8622,0.8723,0.897,0.661,0.9073,0.8741,0.8804,0.8946,0.7501,0.8987,0.8685,0.8932],[0.8724,0.8854,0.6157,0.8853,0.8605,0.8637,0.8695,0.7552,0.8777,0.8685,0.8744,0.8793,0.6496,0.8841,0.862,0.8878,0.8927,0.6002,0.9025,0.8538,0.8805,0.8869,0,0.9002,0.866,0.8645,0.8854,0.633,0.8991,0.8558,0.8821,0.8925,0.7317,0.9042,0.8776],[0.842,0.8552,0.8908,0.567,0.871,0.8515,0.8938,0.8837,0.7251,0.884,0.8515,0.861,0.8843,0.6053,0.8791,0.8287,0.8644,0.8921,0.4901,0.8657,0.8384,0.8622,0.9002,0,0.8614,0.8621,0.8882,0.904,0.6532,0.873,0.8719,0.8837,0.8937,0.7365,0.8858],[0.8859,0.8847,0.8777,0.8814,0.7317,0.8954,0.8943,0.8791,0.8858,0.8349,0.8835,0.8784,0.8855,0.8841,0.7566,0.8795,0.8847,0.876,0.8655,0.7363,0.8896,0.8723,0.866,0.8614,0,0.8776,0.8934,0.881,0.8671,0.6958,0.8819,0.9026,0.8721,0.8639,0.7893],[0.7278,0.8833,0.8726,0.8634,0.8879,0.7453,0.8797,0.8535,0.8757,0.8789,0.7153,0.8939,0.8577,0.8647,0.8804,0.7516,0.8994,0.8621,0.8675,0.8691,0.6584,0.897,0.8645,0.8621,0.8776,0,0.885,0.8765,0.8611,0.8788,0.5686,0.9006,0.8665,0.8769,0.8792],[0.8871,0.7461,0.8824,0.8975,0.8917,0.8868,0.8006,0.864,0.8759,0.8685,0.8846,0.7637,0.886,0.8937,0.8907,0.9075,0.7931,0.8936,0.8886,0.8831,0.9012,0.661,0.8854,0.8882,0.8934,0.885,0,0.8924,0.8833,0.882,0.8977,0.6978,0.9106,0.8937,0.8825],[0.8762,0.8976,0.7472,0.8915,0.8764,0.8643,0.888,0.7965,0.8819,0.8725,0.8781,0.8957,0.7549,0.8875,0.8758,0.866,0.902,0.7263,0.8926,0.875,0.8738,0.9073,0.633,0.904,0.881,0.8765,0.8924,0,0.9037,0.8622,0.8848,0.8885,0.5982,0.9033,0.876],[0.8372,0.8657,0.8787,0.7371,0.8679,0.872,0.8982,0.8898,0.7571,0.8736,0.8519,0.8708,0.8773,0.7503,0.8649,0.8452,0.881,0.8868,0.7494,0.8592,0.867,0.8741,0.8991,0.6532,0.8671,0.8611,0.8833,0.9037,0,0.8697,0.8604,0.903,0.8881,0.5701,0.8729],[0.8917,0.8874,0.8795,0.8765,0.7772,0.8838,0.8977,0.8769,0.8793,0.8297,0.8919,0.8905,0.8831,0.8876,0.7748,0.8781,0.9035,0.8882,0.8911,0.7806,0.8899,0.8804,0.8558,0.873,0.6958,0.8788,0.882,0.8622,0.8697,0,0.8884,0.8984,0.87,0.8639,0.7154],[0.7512,0.8827,0.8933,0.8767,0.875,0.7625,0.8976,0.8674,0.869,0.8682,0.7316,0.8973,0.8763,0.8843,0.8747,0.7514,0.9084,0.8798,0.8693,0.8835,0.6932,0.8946,0.8821,0.8719,0.8819,0.5686,0.8977,0.8848,0.8604,0.8884,0,0.9152,0.8994,0.8625,0.8759],[0.8968,0.7643,0.9049,0.8846,0.8986,0.8858,0.7669,0.89,0.8708,0.9069,0.9064,0.7715,0.9017,0.887,0.8987,0.91,0.8169,0.8926,0.8959,0.8974,0.9106,0.7501,0.8925,0.8837,0.9026,0.9006,0.6978,0.8885,0.903,0.8984,0.9152,0,0.9119,0.909,0.8929],[0.8605,0.8938,0.7679,0.8963,0.8672,0.8667,0.889,0.8087,0.9001,0.8985,0.8671,0.8951,0.7737,0.8973,0.8627,0.8785,0.9036,0.7746,0.8968,0.871,0.8798,0.8987,0.7317,0.8937,0.8721,0.8665,0.9106,0.5982,0.8881,0.87,0.8994,0.9119,0,0.8917,0.8744],[0.8602,0.8764,0.8792,0.7414,0.8705,0.8781,0.9019,0.8918,0.7855,0.869,0.8651,0.876,0.8768,0.7668,0.8671,0.8826,0.88,0.8968,0.7728,0.8665,0.886,0.8685,0.9042,0.7365,0.8639,0.8769,0.8937,0.9033,0.5701,0.8639,0.8625,0.909,0.8917,0,0.871],[0.8843,0.8788,0.852,0.8795,0.7601,0.8642,0.8915,0.8716,0.8814,0.802,0.8612,0.8828,0.8655,0.883,0.7582,0.8678,0.8877,0.8698,0.8819,0.7983,0.8926,0.8932,0.8776,0.8858,0.7893,0.8792,0.8825,0.876,0.8729,0.7154,0.8759,0.8929,0.8744,0.871,0]],"k":[[0,0,0,0,0,0.5714,0.5714,0.5714,0.5714,0.5714,0.1428,0.1428,0.1428,0.1428,0.1428,0.5714,0.5714,0.5714,0.5714,0.5714,0.5556,0.5556,0.5556,0.5556,0.5556,0.8889,0.8889,0.8889,0.8889,0.8889,0.9167,0.9167,0.9167,0.9167,0.9167],[0,0,0,0,0,0.5714,0.5714,0.5714,0.5714,0.5714,0.1428,0.1428,0.1428,0.1428,0.1428,0.5714,0.5714,0.5714,0.5714,0.5714,0.5556,0.5556,0.5556,0.5556,0.5556,0.8889,0.8889,0.8889,0.8889,0.8889,0.9167,0.9167,0.9167,0.9167,0.9167],[0,0,0,0,0,0.5714,0.5714,0.5714,0.5714,0.5714,0.1428,0.1428,0.1428,0.1428,0.1428,0.5714,0.5714,0.5714,0.5714,0.5714,0.5556,0.5556,0.5556,0.5556,0.5556,0.8889,0.8889,0.8889,0.8889,0.8889,0.9167,0.9167,0.9167,0.9167,0.9167],[0,0,0,0,0,0.5714,0.5714,0.5714,0.5714,0.5714,0.1428,0.1428,0.1428,0.1428,0.1428,0.5714,0.5714,0.5714,0.5714,0.5714,0.5556,0.5556,0.5556,0.5556,0.5556,0.8889,0.8889,0.8889,0.8889,0.8889,0.9167,0.9167,0.9167,0.9167,0.9167],[0,0,0,0,0,0.5714,0.5714,0.5714,0.5714,0.5714,0.1428,0.1428,0.1428,0.1428,0.1428,0.5714,0.5714,0.5714,0.5714,0.5714,0.5556,0.5556,0.5556,0.5556,0.5556,0.8889,0.8889,0.8889,0.8889,0.8889,0.9167,0.9167,0.9167,0.9167,0.9167],[0.5714,0.5714,0.5714,0.5714,0.5714,0,0,0,0,0,0.5,0.5,0.5,0.5,0.5,1,1,1,1,1,1,1,1,1,1,1,1,1,1,1,1,1,1,1,1],[0.5714,0.5714,0.5714,0.5714,0.5714,0,0,0,0,0,0.5,0.5,0.5,0.5,0.5,1,1,1,1,1,1,1,1,1,1,1,1,1,1,1,1,1,1,1,1],[0.5714,0.5714,0.5714,0.5714,0.5714,0,0,0,0,0,0.5,0.5,0.5,0.5,0.5,1,1,1,1,1,1,1,1,1,1,1,1,1,1,1,1,1,1,1,1],[0.5714,0.5714,0.5714,0.5714,0.5714,0,0,0,0,0,0.5,0.5,0.5,0.5,0.5,1,1,1,1,1,1,1,1,1,1,1,1,1,1,1,1,1,1,1,1],[0.5714,0.5714,0.5714,0.5714,0.5714,0,0,0,0,0,0.5,0.5,0.5,0.5,0.5,1,1,1,1,1,1,1,1,1,1,1,1,1,1,1,1,1,1,1,1],[0.1428,0.1428,0.1428,0.1428,0.1428,0.5,0.5,0.5,0.5,0.5,0,0,0,0,0,0.5,0.5,0.5,0.5,0.5,0.6667,0.6667,0.6667,0.6667,0.6667,1,1,1,1,1,1,1,1,1,1],[0.1428,0.1428,0.1428,0.1428,0.1428,0.5,0.5,0.5,0.5,0.5,0,0,0,0,0,0.5,0.5,0.5,0.5,0.5,0.6667,0.6667,0.6667,0.6667,0.6667,1,1,1,1,1,1,1,1,1,1],[0.1428,0.1428,0.1428,0.1428,0.1428,0.5,0.5,0.5,0.5,0.5,0,0,0,0,0,0.5,0.5,0.5,0.5,0.5,0.6667,0.6667,0.6667,0.6667,0.6667,1,1,1,1,1,1,1,1,1,1],[0.1428,0.1428,0.1428,0.1428,0.1428,0.5,0.5,0.5,0.5,0.5,0,0,0,0,0,0.5,0.5,0.5,0.5,0.5,0.6667,0.6667,0.6667,0.6667,0.6667,1,1,1,1,1,1,1,1,1,1],[0.1428,0.1428,0.1428,0.1428,0.1428,0.5,0.5,0.5,0.5,0.5,0,0,0,0,0,0.5,0.5,0.5,0.5,0.5,0.6667,0.6667,0.6667,0.6667,0.6667,1,1,1,1,1,1,1,1,1,1],[0.5714,0.5714,0.5714,0.5714,0.5714,1,1,1,1,1,0.5,0.5,0.5,0.5,0.5,0,0,0,0,0,0.5,0.5,0.5,0.5,0.5,1,1,1,1,1,1,1,1,1,1],[0.5714,0.5714,0.5714,0.5714,0.5714,1,1,1,1,1,0.5,0.5,0.5,0.5,0.5,0,0,0,0,0,0.5,0.5,0.5,0.5,0.5,1,1,1,1,1,1,1,1,1,1],[0.5714,0.5714,0.5714,0.5714,0.5714,1,1,1,1,1,0.5,0.5,0.5,0.5,0.5,0,0,0,0,0,0.5,0.5,0.5,0.5,0.5,1,1,1,1,1,1,1,1,1,1],[0.5714,0.5714,0.5714,0.5714,0.5714,1,1,1,1,1,0.5,0.5,0.5,0.5,0.5,0,0,0,0,0,0.5,0.5,0.5,0.5,0.5,1,1,1,1,1,1,1,1,1,1],[0.5714,0.5714,0.5714,0.5714,0.5714,1,1,1,1,1,0.5,0.5,0.5,0.5,0.5,0,0,0,0,0,0.5,0.5,0.5,0.5,0.5,1,1,1,1,1,1,1,1,1,1],[0.5556,0.5556,0.5556,0.5556,0.5556,1,1,1,1,1,0.6667,0.6667,0.6667,0.6667,0.6667,0.5,0.5,0.5,0.5,0.5,0,0,0,0,0,0.5,0.5,0.5,0.5,0.5,0.6667,0.6667,0.6667,0.6667,0.6667],[0.5556,0.5556,0.5556,0.5556,0.5556,1,1,1,1,1,0.6667,0.6667,0.6667,0.6667,0.6667,0.5,0.5,0.5,0.5,0.5,0,0,0,0,0,0.5,0.5,0.5,0.5,0.5,0.6667,0.6667,0.6667,0.6667,0.6667],[0.5556,0.5556,0.5556,0.5556,0.5556,1,1,1,1,1,0.6667,0.6667,0.6667,0.6667,0.6667,0.5,0.5,0.5,0.5,0.5,0,0,0,0,0,0.5,0.5,0.5,0.5,0.5,0.6667,0.6667,0.6667,0.6667,0.6667],[0.5556,0.5556,0.5556,0.5556,0.5556,1,1,1,1,1,0.6667,0.6667,0.6667,0.6667,0.6667,0.5,0.5,0.5,0.5,0.5,0,0,0,0,0,0.5,0.5,0.5,0.5,0.5,0.6667,0.6667,0.6667,0.6667,0.6667],[0.5556,0.5556,0.5556,0.5556,0.5556,1,1,1,1,1,0.6667,0.6667,0.6667,0.6667,0.6667,0.5,0.5,0.5,0.5,0.5,0,0,0,0,0,0.5,0.5,0.5,0.5,0.5,0.6667,0.6667,0.6667,0.6667,0.6667],[0.8889,0.8889,0.8889,0.8889,0.8889,1,1,1,1,1,1,1,1,1,1,1,1,1,1,1,0.5,0.5,0.5,0.5,0.5,0,0,0,0,0,0.5,0.5,0.5,0.5,0.5],[0.8889,0.8889,0.8889,0.8889,0.8889,1,1,1,1,1,1,1,1,1,1,1,1,1,1,1,0.5,0.5,0.5,0.5,0.5,0,0,0,0,0,0.5,0.5,0.5,0.5,0.5],[0.8889,0.8889,0.8889,0.8889,0.8889,1,1,1,1,1,1,1,1,1,1,1,1,1,1,1,0.5,0.5,0.5,0.5,0.5,0,0,0,0,0,0.5,0.5,0.5,0.5,0.5],[0.8889,0.8889,0.8889,0.8889,0.8889,1,1,1,1,1,1,1,1,1,1,1,1,1,1,1,0.5,0.5,0.5,0.5,0.5,0,0,0,0,0,0.5,0.5,0.5,0.5,0.5],[0.8889,0.8889,0.8889,0.8889,0.8889,1,1,1,1,1,1,1,1,1,1,1,1,1,1,1,0.5,0.5,0.5,0.5,0.5,0,0,0,0,0,0.5,0.5,0.5,0.5,0.5],[0.9167,0.9167,0.9167,0.9167,0.9167,1,1,1,1,1,1,1,1,1,1,1,1,1,1,1,0.6667,0.6667,0.6667,0.6667,0.6667,0.5,0.5,0.5,0.5,0.5,0,0,0,0,0],[0.9167,0.9167,0.9167,0.9167,0.9167,1,1,1,1,1,1,1,1,1,1,1,1,1,1,1,0.6667,0.6667,0.6667,0.6667,0.6667,0.5,0.5,0.5,0.5,0.5,0,0,0,0,0],[0.9167,0.9167,0.9167,0.9167,0.9167,1,1,1,1,1,1,1,1,1,1,1,1,1,1,1,0.6667,0.6667,0.6667,0.6667,0.6667,0.5,0.5,0.5,0.5,0.5,0,0,0,0,0],[0.9167,0.9167,0.9167,0.9167,0.9167,1,1,1,1,1,1,1,1,1,1,1,1,1,1,1,0.6667,0.6667,0.6667,0.6667,0.6667,0.5,0.5,0.5,0.5,0.5,0,0,0,0,0],[0.9167,0.9167,0.9167,0.9167,0.9167,1,1,1,1,1,1,1,1,1,1,1,1,1,1,1,0.6667,0.6667,0.6667,0.6667,0.6667,0.5,0.5,0.5,0.5,0.5,0,0,0,0,0]],"r":[[0,0.1797,0.1726,0.1724,0.899,0,0.1797,0.1726,0.1724,0.899,0,0.1797,0.1726,0.1724,0.899,0,0.1797,0.1726,0.1724,0.899,0,0.1797,0.1726,0.1724,0.899,0,0.1797,0.1726,0.1724,0.899,0,0.1797,0.1726,0.1724,0.899],[0.1797,0,0.191,0.1914,0.8987,0.1797,0,0.191,0.1914,0.8987,0.1797,0,0.191,0.1914,0.8987,0.1797,0,0.191,0.1914,0.8987,0.1797,0,0.191,0.1914,0.8987,0.1797,0,0.191,0.1914,0.8987,0.1797,0,0.191,0.1914,0.8987],[0.1726,0.191,0,0.2034,0.8792,0.1726,0.191,0,0.2034,0.8792,0.1726,0.191,0,0.2034,0.8792,0.1726,0.191,0,0.2034,0.8792,0.1726,0.191,0,0.2034,0.8792,0.1726,0.191,0,0.2034,0.8792,0.1726,0.191,0,0.2034,0.8792],[0.1724,0.1914,0.2034,0,0.8786,0.1724,0.1914,0.2034,0,0.8786,0.1724,0.1914,0.2034,0,0.8786,0.1724,0.1914,0.2034,0,0.8786,0.1724,0.1914,0.2034,0,0.8786,0.1724,0.1914,0.2034,0,0.8786,0.1724,0.1914,0.2034,0,0.8786],[0.899,0.8987,0.8792,0.8786,0,0.899,0.8987,0.8792,0.8786,0,0.899,0.8987,0.8792,0.8786,0,0.899,0.8987,0.8792,0.8786,0,0.899,0.8987,0.8792,0.8786,0,0.899,0.8987,0.8792,0.8786,0,0.899,0.8987,0.8792,0.8786,0],[0,0.1797,0.1726,0.1724,0.899,0,0.1797,0.1726,0.1724,0.899,0,0.1797,0.1726,0.1724,0.899,0,0.1797,0.1726,0.1724,0.899,0,0.1797,0.1726,0.1724,0.899,0,0.1797,0.1726,0.1724,0.899,0,0.1797,0.1726,0.1724,0.899],[0.1797,0,0.191,0.1914,0.8987,0.1797,0,0.191,0.1914,0.8987,0.1797,0,0.191,0.1914,0.8987,0.1797,0,0.191,0.1914,0.8987,0.1797,0,0.191,0.1914,0.8987,0.1797,0,0.191,0.1914,0.8987,0.1797,0,0.191,0.1914,0.8987],[0.1726,0.191,0,0.2034,0.8792,0.1726,0.191,0,0.2034,0.8792,0.1726,0.191,0,0.2034,0.8792,0.1726,0.191,0,0.2034,0.8792,0.1726,0.191,0,0.2034,0.8792,0.1726,0.191,0,0.2034,0.8792,0.1726,0.191,0,0.2034,0.8792],[0.1724,0.1914,0.2034,0,0.8786,0.1724,0.1914,0.2034,0,0.8786,0.1724,0.1914,0.2034,0,0.8786,0.1724,0.1914,0.2034,0,0.8786,0.1724,0.1914,0.2034,0,0.8786,0.1724,0.1914,0.2034,0,0.8786,0.1724,0.1914,0.2034,0,0.8786],[0.899,0.8987,0.8792,0.8786,0,0.899,0.8987,0.8792,0.8786,0,0.899,0.8987,0.8792,0.8786,0,0.899,0.8987,0.8792,0.8786,0,0.899,0.8987,0.8792,0.8786,0,0.899,0.8987,0.8792,0.8786,0,0.899,0.8987,0.8792,0.8786,0],[0,0.1797,0.1726,0.1724,0.899,0,0.1797,0.1726,0.1724,0.899,0,0.1797,0.1726,0.1724,0.899,0,0.1797,0.1726,0.1724,0.899,0,0.1797,0.1726,0.1724,0.899,0,0.1797,0.1726,0.1724,0.899,0,0.1797,0.1726,0.1724,0.899],[0.1797,0,0.191,0.1914,0.8987,0.1797,0,0.191,0.1914,0.8987,0.1797,0,0.191,0.1914,0.8987,0.1797,0,0.191,0.1914,0.8987,0.1797,0,0.191,0.1914,0.8987,0.1797,0,0.191,0.1914,0.8987,0.1797,0,0.191,0.1914,0.8987],[0.1726,0.191,0,0.2034,0.8792,0.1726,0.191,0,0.2034,0.8792,0.1726,0.191,0,0.2034,0.8792,0.1726,0.191,0,0.2034,0.8792,0.1726,0.191,0,0.2034,0.8792,0.1726,0.191,0,0.2034,0.8792,0.1726,0.191,0,0.2034,0.8792],[0.1724,0.1914,0.2034,0,0.8786,0.1724,0.1914,0.2034,0,0.8786,0.1724,0.1914,0.2034,0,0.8786,0.1724,0.1914,0.2034,0,0.8786,0.1724,0.1914,0.2034,0,0.8786,0.1724,0.1914,0.2034,0,0.8786,0.1724,0.1914,0.2034,0,0.8786],[0.899,0.8987,0.8792,0.8786,0,0.899,0.8987,0.8792,0.8786,0,0.899,0.8987,0.8792,0.8786,0,0.899,0.8987,0.8792,0.8786,0,0.899,0.8987,0.8792,0.8786,0,0.899,0.8987,0.8792,0.8786,0,0.899,0.8987,0.8792,0.8786,0],[0,0.1797,0.1726,0.1724,0.899,0,0.1797,0.1726,0.1724,0.899,0,0.1797,0.1726,0.1724,0.899,0,0.1797,0.1726,0.1724,0.899,0,0.1797,0.1726,0.1724,0.899,0,0.1797,0.1726,0.1724,0.899,0,0.1797,0.1726,0.1724,0.899],[0.1797,0,0.191,0.1914,0.8987,0.1797,0,0.191,0.1914,0.8987,0.1797,0,0.191,0.1914,0.8987,0.1797,0,0.191,0.1914,0.8987,0.1797,0,0.191,0.1914,0.8987,0.1797,0,0.191,0.1914,0.8987,0.1797,0,0.191,0.1914,0.8987],[0.1726,0.191,0,0.2034,0.8792,0.1726,0.191,0,0.2034,0.8792,0.1726,0.191,0,0.2034,0.8792,0.1726,0.191,0,0.2034,0.8792,0.1726,0.191,0,0.2034,0.8792,0.1726,0.191,0,0.2034,0.8792,0.1726,0.191,0,0.2034,0.8792],[0.1724,0.1914,0.2034,0,0.8786,0.1724,0.1914,0.2034,0,0.8786,0.1724,0.1914,0.2034,0,0.8786,0.1724,0.1914,0.2034,0,0.8786,0.1724,0.1914,0.2034,0,0.8786,0.1724,0.1914,0.2034,0,0.8786,0.1724,0.1914,0.2034,0,0.8786],[0.899,0.8987,0.8792,0.8786,0,0.899,0.8987,0.8792,0.8786,0,0.899,0.8987,0.8792,0.8786,0,0.899,0.8987,0.8792,0.8786,0,0.899,0.8987,0.8792,0.8786,0,0.899,0.8987,0.8792,0.8786,0,0.899,0.8987,0.8792,0.8786,0],[0,0.1797,0.1726,0.1724,0.899,0,0.1797,0.1726,0.1724,0.899,0,0.1797,0.1726,0.1724,0.899,0,0.1797,0.1726,0.1724,0.899,0,0.1797,0.1726,0.1724,0.899,0,0.1797,0.1726,0.1724,0.899,0,0.1797,0.1726,0.1724,0.899],[0.1797,0,0.191,0.1914,0.8987,0.1797,0,0.191,0.1914,0.8987,0.1797,0,0.191,0.1914,0.8987,0.1797,0,0.191,0.1914,0.8987,0.1797,0,0.191,0.1914,0.8987,0.1797,0,0.191,0.1914,0.8987,0.1797,0,0.191,0.1914,0.8987],[0.1726,0.191,0,0.2034,0.8792,0.1726,0.191,0,0.2034,0.8792,0.1726,0.191,0,0.2034,0.8792,0.1726,0.191,0,0.2034,0.8792,0.1726,0.191,0,0.2034,0.8792,0.1726,0.191,0,0.2034,0.8792,0.1726,0.191,0,0.2034,0.8792],[0.1724,0.1914,0.2034,0,0.8786,0.1724,0.1914,0.2034,0,0.8786,0.1724,0.1914,0.2034,0,0.8786,0.1724,0.1914,0.2034,0,0.8786,0.1724,0.1914,0.2034,0,0.8786,0.1724,0.1914,0.2034,0,0.8786,0.1724,0.1914,0.2034,0,0.8786],[0.899,0.8987,0.8792,0.8786,0,0.899,0.8987,0.8792,0.8786,0,0.899,0.8987,0.8792,0.8786,0,0.899,0.8987,0.8792,0.8786,0,0.899,0.8987,0.8792,0.8786,0,0.899,0.8987,0.8792,0.8786,0,0.899,0.8987,0.8792,0.8786,0],[0,0.1797,0.1726,0.1724,0.899,0,0.1797,0.1726,0.1724,0.899,0,0.1797,0.1726,0.1724,0.899,0,0.1797,0.1726,0.1724,0.899,0,0.1797,0.1726,0.1724,0.899,0,0.1797,0.1726,0.1724,0.899,0,0.1797,0.1726,0.1724,0.899],[0.1797,0,0.191,0.1914,0.8987,0.1797,0,0.191,0.1914,0.8987,0.1797,0,0.191,0.1914,0.8987,0.1797,0,0.191,0.1914,0.8987,0.1797,0,0.191,0.1914,0.8987,0.1797,0,0.191,0.1914,0.8987,0.1797,0,0.191,0.1914,0.8987],[0.1726,0.191,0,0.2034,0.8792,0.1726,0.191,0,0.2034,0.8792,0.1726,0.191,0,0.2034,0.8792,0.1726,0.191,0,0.2034,0.8792,0.1726,0.191,0,0.2034,0.8792,0.1726,0.191,0,0.2034,0.8792,0.1726,0.191,0,0.2034,0.8792],[0.1724,0.1914,0.2034,0,0.8786,0.1724,0.1914,0.2034,0,0.8786,0.1724,0.1914,0.2034,0,0.8786,0.1724,0.1914,0.2034,0,0.8786,0.1724,0.1914,0.2034,0,0.8786,0.1724,0.1914,0.2034,0,0.8786,0.1724,0.1914,0.2034,0,0.8786],[0.899,0.8987,0.8792,0.8786,0,0.899,0.8987,0.8792,0.8786,0,0.899,0.8987,0.8792,0.8786,0,0.899,0.8987,0.8792,0.8786,0,0.899,0.8987,0.8792,0.8786,0,0.899,0.8987,0.8792,0.8786,0,0.899,0.8987,0.8792,0.8786,0],[0,0.1797,0.1726,0.1724,0.899,0,0.1797,0.1726,0.1724,0.899,0,0.1797,0.1726,0.1724,0.899,0,0.1797,0.1726,0.1724,0.899,0,0.1797,0.1726,0.1724,0.899,0,0.1797,0.1726,0.1724,0.899,0,0.1797,0.1726,0.1724,0.899],[0.1797,0,0.191,0.1914,0.8987,0.1797,0,0.191,0.1914,0.8987,0.1797,0,0.191,0.1914,0.8987,0.1797,0,0.191,0.1914,0.8987,0.1797,0,0.191,0.1914,0.8987,0.1797,0,0.191,0.1914,0.8987,0.1797,0,0.191,0.1914,0.8987],[0.1726,0.191,0,0.2034,0.8792,0.1726,0.191,0,0.2034,0.8792,0.1726,0.191,0,0.2034,0.8792,0.1726,0.191,0,0.2034,0.8792,0.1726,0.191,0,0.2034,0.8792,0.1726,0.191,0,0.2034,0.8792,0.1726,0.191,0,0.2034,0.8792],[0.1724,0.1914,0.2034,0,0.8786,0.1724,0.1914,0.2034,0,0.8786,0.1724,0.1914,0.2034,0,0.8786,0.1724,0.1914,0.2034,0,0.8786,0.1724,0.1914,0.2034,0,0.8786,0.1724,0.1914,0.2034,0,0.8786,0.1724,0.1914,0.2034,0,0.8786],[0.899,0.8987,0.8792,0.8786,0,0.899,0.8987,0.8792,0.8786,0,0.899,0.8987,0.8792,0.8786,0,0.899,0.8987,0.8792,0.8786,0,0.899,0.8987,0.8792,0.8786,0,0.899,0.8987,0.8792,0.8786,0,0.899,0.8987,0.8792,0.8786,0]]},"rownames":{"k":["0-100 km","0-100 km","0-100 km","0-100 km","0-100 km","0-42.86 km","0-42.86 km","0-42.86 km","0-42.86 km","0-42.86 km","0-85.72 km","0-85.72 km","0-85.72 km","0-85.72 km","0-85.72 km","42.86-85.72 km","42.86-85.72 km","42.86-85.72 km","42.86-85.72 km","42.86-85.72 km","42.86-128.58 km","42.86-128.58 km","42.86-128.58 km","42.86-128.58 km","42.86-128.58 km","85.72-128.58 km","85.72-128.58 km","85.72-128.58 km","85.72-128.58 km","85.72-128.58 km","85.72-171.44 km","85.72-171.44 km","85.72-171.44 km","85.72-171.44 km","85.72-171.44 km"],"r":[]},"leafs":{"space":{"w":[[0.3498,0.2387,0.3471,0.2566,0.203,0.2286,0.2925,0.2205,0.2722,0.1264,0.1445,0.1435,0.0913,0.1116,0.0628,0.0729,0.0803,0.0491,0.0966,0.0542,0.0303,0.0774,0.0543,0.0297,0.0526,0.0169],[0.3918,0.3133,0.255,0.2044,0.2418,0.2639,0.257,0.2407,0.2789,0.1171,0.1305,0.1155,0.1084,0.117,0.0781,0.1163,0.0852,0.073,0.0983,0.0255,0.0463,0.0568,0.0059,0.0231,0.0323,0.0271],[0.3768,0.3948,0.3006,0.1828,0.2476,0.3457,0.1753,0.1892,0.2248,0.1453,0.1568,0.1163,0.1044,0.0897,0.0694,0.1212,0.1253,0.0533,0.0515,0.0359,0.0332,0.0614,0.0555,0.0185,0.0173,0.0108],[0.3026,0.4082,0.2946,0.1573,0.2379,0.2049,0.2433,0.2545,0.2036,0.164,0.1541,0.1456,0.1171,0.1073,0.088,0.0826,0.0913,0.0629,0.0565,0.0714,0.054,0.0257,0.0471,0.0335,0.0435,0.0516],[0.532,0.4349,0.3989,0.3503,0.2553,0.2046,0.1973,0.1598,0.135,0.1147,0.1128,0.1002,0.0761,0.0898,0.0157,0.0362,0.0358,0.0589,0.0792,0.007,0.0687,0.0338,0.0668,0.0532,0.0459,0.0407],[0.2596,0.362,0.3117,0.2535,0.2502,0.2165,0.2721,0.2106,0.2884,0.1547,0.1238,0.1619,0.0961,0.0738,0.0874,0.0685,0.0656,0.0942,0.0808,0.0703,0.0651,0.0875,-0.0166,0.0278,0.0292,0.0087],[0.3787,0.3352,0.2182,0.2096,0.1757,0.2471,0.1422,0.2534,0.2354,0.2582,0.1293,0.1379,0.1571,0.1586,0.1186,0.0978,0.112,0.0901,0.064,-0.0098,0.0284,0.0318,0.0337,0.0401,0.0249,0.0348],[0.3657,0.1913,0.2378,0.4074,0.3038,0.3451,0.1577,0.1629,0.1596,0.1471,0.178,0.2078,0.1008,0.12,0.0838,0.1059,0.0838,0.0843,0.0825,0.0668,-0.0159,0.0205,0.0382,0.0125,0.0242,0.0317],[0.2947,0.1648,0.4079,0.2618,0.2869,0.2507,0.1859,0.1637,0.245,0.1568,0.1272,0.1307,0.0883,0.1694,0.1103,0.1397,0.1239,0.0974,0.0428,0.0687,0.0667,-0.0233,0.012,0.0617,0.0277,0.0421],[0.5307,0.4155,0.416,0.3492,0.2581,0.2396,0.2127,0.1731,0.1412,0.1364,0.1125,0.1146,0.0971,0.0906,0.0832,0.0665,0.0751,-0.0239,0.0583,-0.0053,0.0409,0.0112,0.0393,0.0099,0.0212,0.0396],[0.2468,0.3449,0.3448,0.2635,0.2031,0.3012,0.2182,0.2897,0.2167,0.1604,0.1441,0.1398,0.0863,0.0755,0.0578,0.0705,0.0394,0.0673,0.093,0.0973,0.0194,0.0299,0.0739,0.0494,0.0668,0.0035],[0.3243,0.3857,0.2467,0.2043,0.2482,0.2625,0.2378,0.256,0.2806,0.1278,0.1307,0.12,0.1016,0.1072,0.0862,0.1206,0.0795,0.0946,0.0989,0.0324,0.0083,0.0189,0.0288,0.0399,0.0489,0.0128],[0.3771,0.3961,0.1876,0.2993,0.25,0.3463,0.1712,0.1516,0.1916,0.2078,0.1573,0.1144,0.0827,0.0689,0.1187,0.1325,0.0609,0.0895,0.0724,0.0633,0.0569,0.0246,0.0246,0.0147,0.0245,0.0187],[0.3006,0.4002,0.1741,0.2913,0.2418,0.2002,0.2427,0.2541,0.1894,0.1576,0.1665,0.1457,0.1234,0.1051,0.0942,0.0964,0.0795,0.052,0.0743,0.0661,0.0073,0.0507,0.048,0.0275,0.0519,0.0628],[0.5317,0.4371,0.3992,0.3479,0.2506,0.2101,0.2075,0.1672,0.1302,0.1295,0.1027,0.1218,0.0838,0.0208,0.0678,0.0703,0.0095,0.0383,0.0205,0.0691,0.0551,0.053,0.0355,0.0418,0.0662,0.0361],[0.3626,0.3245,0.2281,0.2631,0.2458,0.2015,0.2168,0.3414,0.176,0.1255,0.1055,0.1083,0.1061,0.0537,0.1239,0.1308,0.0355,0.0516,0.0631,0.0338,0.0635,0.0878,0.0527,0.0756,0.0536,0.0727],[0.3236,0.389,0.2687,0.2516,0.1993,0.2515,0.2523,0.2177,0.2087,0.13,0.115,0.0849,0.1362,0.1249,0.0819,0.0732,0.0871,0.0279,0.1431,0.0562,0.0741,0.0389,0.055,0.0365,0.0377,0.0386],[0.3774,0.3879,0.2948,0.2628,0.1632,0.3428,0.1835,0.1844,0.1341,0.2133,0.1287,0.0767,0.1407,0.118,0.0728,0.0598,0.1145,0.1063,0.0529,0.0478,0.0509,0.0445,0.0325,0.0375,0.0286,0.047],[0.3024,0.3972,0.2951,0.1712,0.2012,0.2138,0.2147,0.2459,0.2365,0.1655,0.1733,0.154,0.0904,0.0636,0.0985,0.0732,0.0854,0.0949,0.0536,0.0588,0.0843,0.0481,0.0721,0.0184,0.0271,0.0642],[0.5302,0.4343,0.3967,0.3437,0.2455,0.1954,0.1983,0.1578,0.1083,0.1085,0.0792,0.1037,0.0603,0.1025,0.0408,0.0505,0.0656,0.0704,0.0716,0.0265,0.0598,0.0658,0.0904,0.0259,0.0321,0.0393],[0.3672,0.3286,0.2185,0.2956,0.2326,0.1923,0.1833,0.2102,0.2905,0.2143,0.1202,0.1186,0.0835,0.095,0.103,0.1045,0.0567,0.0659,0.0535,0.0895,0.0705,0.0609,0.0591,0.0262,0.0464,0.0166],[0.4021,0.2832,0.2867,0.2487,0.2131,0.2319,0.2612,0.2426,0.152,0.21,0.1126,0.1064,0.0877,0.1018,0.0971,0.0816,0.0787,0.0844,0.0955,0.0539,0.0599,0.0808,0.0273,0.0289,0.031,0.0444],[0.378,0.2903,0.3826,0.2901,0.3271,0.2061,0.1287,0.1971,0.2538,0.13,0.1324,0.0818,0.125,0.1046,0.0572,0.079,0.0848,0.0704,0.0772,0.0714,0.0454,0.058,0.0572,0.0141,0.0288,0.0322],[0.3021,0.4181,0.3005,0.2447,0.2093,0.2333,0.2671,0.2272,0.1604,0.1788,0.1327,0.0922,0.0966,0.1063,0.0753,0.0892,0.0751,0.0804,0.065,0.0611,0.0583,0.0415,0.0564,0.0393,0.0785,0.0141],[0.5305,0.4312,0.3935,0.3484,0.2538,0.1855,0.1918,0.1399,0.1378,0.1204,0.0992,0.0851,0.102,0.0608,0.0553,0.0709,0.0881,0.0458,0.0198,0.0635,0.039,0.0766,0.0589,0.0216,0.0578,0.0263],[0.3647,0.355,0.2062,0.2547,0.2155,0.2813,0.189,0.2005,0.0871,0.1112,0.1405,0.0812,0.1199,0.2347,0.1032,0.0866,0.0359,0.1011,0.1082,0.0595,0.0816,0.0751,0.0836,0.085,0.0002,0.0421],[0.4305,0.2834,0.2571,0.2738,0.2163,0.2181,0.1032,0.1253,0.2548,0.2079,0.1103,0.1387,0.1193,0.068,0.1121,0.1025,0.0943,0.1039,0.0632,0.0563,0.1198,0.0805,0.0783,0.061,0.03,-0.0055],[0.3761,0.2952,0.3642,0.2741,0.1487,0.2299,0.3123,0.2086,0.2566,0.1115,0.072,0.1089,0.1153,0.0937,0.0534,0.1117,0.0679,0.0749,0.0798,0.0616,0.0934,0.0398,0.0285,0.0311,0.0386,0.0558],[0.2723,0.4281,0.2902,0.2411,0.2239,0.2639,0.2583,0.1994,0.1557,0.1151,0.1516,0.0758,0.1239,0.0789,0.0923,0.1309,0.0579,0.0786,0.065,0.0639,0.0459,0.0843,0.0696,0.0495,0.0148,0.0721],[0.5293,0.4272,0.3873,0.3467,0.246,0.1621,0.1114,0.176,0.0969,0.1804,0.1178,0.0736,0.1024,0.0873,0.0769,0.0633,0.0372,0.045,0.0851,0.0775,0.0256,0.0742,0.0392,0.0279,0.0345,0.0725],[0.3748,0.2911,0.2272,0.1945,0.1855,0.2933,0.1844,0.1392,0.2986,0.1092,0.1707,0.1127,0.1364,0.0983,0.1076,0.071,0.0786,0.0986,0.1762,0.108,0.0595,0.0627,0.0442,0.0219,0.0494,0.0097],[0.3271,0.2841,0.2524,0.2637,0.27,0.274,0.1966,0.1842,0.115,0.1103,0.1647,0.1436,0.1382,0.1704,0.1003,0.1251,0.0723,0.0925,0.0908,0.0354,0.0803,0.0621,0.0756,0.007,0.0266,0.0414],[0.3682,0.3018,0.3225,0.25,0.2539,0.1551,0.3067,0.1962,0.2081,0.1889,0.1419,0.0966,0.116,0.0923,0.0701,0.069,0.1109,0.063,0.0754,0.0394,0.0628,0.0499,0.0484,0.0326,0.0407,0.0431],[0.3004,0.2527,0.2309,0.4211,0.2284,0.2568,0.2677,0.1801,0.1688,0.1247,0.152,0.1095,0.1309,0.1462,0.083,0.0471,0.0474,0.0706,0.0395,0.0961,0.1008,0.0621,0.0302,0.0476,0.0381,0.0708],[0.5259,0.4276,0.3895,0.3381,0.2403,0.1668,0.1484,0.1137,0.1141,0.1463,0.1026,0.1451,0.1435,0.0873,0.0864,0.0677,0.0381,0.0493,0.0411,0.0871,0.0878,0.0297,0.0615,0.0183,0.002,0.0449]],"k":[[0,100000],[0,100000],[0,100000],[0,100000],[0,100000],[0,42858.9],[0,42858.9],[0,42858.9],[0,42858.9],[0,42858.9],[0,85717.81],[0,85717.81],[0,85717.81],[0,85717.81],[0,85717.81],[42858.9,85717.81],[42858.9,85717.81],[42858.9,85717.81],[42858.9,85717.81],[42858.9,85717.81],[42858.9,128576.7],[42858.9,128576.7],[42858.9,128576.7],[42858.9,128576.7],[42858.9,128576.7],[85717.81,128576.7],[85717.81,128576.7],[85717.81,128576.7],[85717.81,128576.7],[85717.81,128576.7],[85717.81,171435.6],[85717.81,171435.6],[85717.81,171435.6],[85717.81,171435.6],[85717.81,171435.6]],"r":[[[[-12155134.6092,4595984.1782],[-12155134.6092,4638061.854],[-12155134.6092,4665168.6302],[-12155134.6092,4671532.074],[-12155134.6092,4684713.4429],[-12155134.6092,4714956.2042],[-12155134.6092,4724059.6884],[-12155134.6092,4766863.5156],[-12155134.6092,4788376.698],[-12155134.6092,4813240.6992],[-12155134.6092,4818684.6488],[-12155134.6092,4835308.5644],[-12155134.6092,4895003.6969],[-12155134.6092,4902522.7419],[-12155134.6092,4961113.0073],[-12155134.6092,4996381.5693],[-12155134.6092,5027891.8757],[-12107691.3554,5027891.8757],[-12077078.2728,5027891.8757],[-12052190.6856,5027891.8757],[-12054136.8843,5002271.9064],[-12062476.7179,4985104.2967],[-12056377.0777,4972698.7002],[-12048845.7575,4962809.1749],[-12054632.7013,4945354.9976],[-12060296.0804,4941219.6794],[-12060441.0183,4940811.295],[-12060088.0242,4936699.5515],[-12046150.0448,4913248.9416],[-12048718.8533,4907609.3007],[-12047156.039,4901030.1706],[-12054099.7036,4875850.1631],[-12069194.9605,4869759.9175],[-12071261.4955,4867637.405],[-12073291.629,4858499.3042],[-12077081.0558,4850150.1367],[-12075869.1205,4837557.6401],[-12073697.0546,4828868.5516],[-12045787.0319,4822496.9333],[-12047083.6813,4812711.6587],[-12047323.0182,4785857.5466],[-12047004.6445,4785278.6334],[-12046248.5625,4768374.1204],[-12060152.9235,4759190.6737],[-12065188.572,4752385.5513],[-12065596.0013,4743258.4202],[-12061860.4532,4736985.3394],[-12064386.4037,4717065.8317],[-12043642.1279,4703319.1904],[-12044634.2072,4702585.0011],[-12070762.4502,4694041.7067],[-12074092.7954,4686905.8807],[-12059396.2849,4682595.8189],[-12048008.7463,4667932.3613],[-12048115.5017,4664224.2406],[-12050047.2288,4653604.794],[-12050408.3492,4653446.2869],[-12061286.4899,4622999.63],[-12051653.903,4612458.8631],[-12052610.5827,4610498.9368],[-12067174.2891,4592874.4944],[-12068462.3669,4586831.2464],[-12052476.6654,4583601.0782],[-12040006.99,4575433.1206],[-12038773.3474,4571955.2277],[-12043300.7111,4564473.2329],[-12045061.6741,4558504.8814],[-12054938.4959,4550686.4251],[-12057693.542,4533015.5662],[-12057070.4868,4532340.9507],[-12060510.3704,4509141.8217],[-12073164.2795,4505111.1599],[-12073444.2481,4501342.1378],[-12054595.7432,4485337.8938],[-12052657.5595,4468130.2919],[-12054838.1971,4464834.884],[-12068570.2355,4450979.0449],[-12072836.4436,4447555.4807],[-12073222.4996,4446597.7285],[-12075995.8021,4425911.9732],[-12094746.1232,4425911.9732],[-12155134.6092,4425911.9732],[-12155134.6092,4426313.6128],[-12155134.6092,4454027.6722],[-12155134.6092,4518358.6453],[-12155134.6092,4538880.2445],[-12155134.6092,4595984.1782]],[[-12068462.3669,4586831.2464],[-12067174.2891,4592874.4944],[-12052610.5827,4610498.9368],[-12051653.903,4612458.8631],[-12061286.4899,4622999.63],[-12050408.3492,4653446.2869],[-12050047.2288,4653604.794],[-12048115.5017,4664224.2406],[-12048008.7463,4667932.3613],[-12059396.2849,4682595.8189],[-12074092.7954,4686905.8807],[-12070762.4502,4694041.7067],[-12044634.2072,4702585.0011],[-12043642.1279,4703319.1904],[-12064386.4037,4717065.8317],[-12061860.4532,4736985.3394],[-12065596.0013,4743258.4202],[-12065188.572,4752385.5513],[-12060152.9235,4759190.6737],[-12046248.5625,4768374.1204],[-12047004.6445,4785278.6334],[-12047323.0182,4785857.5466],[-12047083.6813,4812711.6587],[-12045787.0319,4822496.9333],[-12073697.0546,4828868.5516],[-12075869.1205,4837557.6401],[-12077081.0558,4850150.1367],[-12073291.629,4858499.3042],[-12071261.4955,4867637.405],[-12069194.9605,4869759.9175],[-12054099.7036,4875850.1631],[-12047156.039,4901030.1706],[-12048718.8533,4907609.3007],[-12046150.0448,4913248.9416],[-12060088.0242,4936699.5515],[-12060441.0183,4940811.295],[-12060296.0804,4941219.6794],[-12054632.7013,4945354.9976],[-12048845.7575,4962809.1749],[-12056377.0777,4972698.7002],[-12062476.7179,4985104.2967],[-12054136.8843,5002271.9064],[-12052190.6856,5027891.8757],[-12014353.7473,5027891.8757],[-11978724.7197,5027891.8757],[-11988610.7811,4994223.2993],[-11986914.606,4984619.8013],[-11988448.3659,4980462.1309],[-11988652.5259,4975525.7811],[-11985661.9278,4965837.4453],[-11986251.5871,4956405.5137],[-11993292.7675,4945297.866],[-11974962.3436,4926738.4868],[-11971085.0857,4919098.5417],[-11972182.3619,4915792.251],[-11972755.212,4914736.4993],[-11974205.9276,4907636.8816],[-11970857.4374,4891427.6309],[-11981360.0974,4876159.1304],[-11974919.3743,4854809.5187],[-11968962.4457,4850210.0576],[-11963122.0686,4843100.9983],[-11963927.3538,4831837.4966],[-11970779.7364,4827323.1792],[-11993641.9768,4825516.9531],[-11990350.4821,4811533.271],[-11979145.7301,4807329.7563],[-11973951.6739,4797275.9958],[-11978824.6846,4789326.6801],[-11978545.6067,4778306.7634],[-11968556.4635,4760599.0401],[-11979776.8002,4745122.2672],[-11984147.8714,4734189.4374],[-11987479.1071,4732366.3208],[-11989216.0251,4724888.7125],[-11976086.1138,4691811.1703],[-11980534.552,4689675.2212],[-11985338.9899,4661279.2453],[-11968728.4521,4658188.7595],[-11976101.5873,4626894.6742],[-11978378.6274,4623940.3727],[-11982638.2678,4623511.0622],[-11989539.4083,4613360.0923],[-11992044.7647,4593540.1803],[-11969725.0955,4588886.5104],[-11968057.4182,4571578.0425],[-11978912.4044,4566039.9962],[-11981883.299,4561794.7927],[-11985644.6732,4554140.8554],[-11972208.2994,4529050.3463],[-11983102.5814,4520724.0664],[-11979826.894,4507580.3543],[-11979289.4435,4486812.8846],[-11987555.4723,4482842.5711],[-11990212.5572,4466214.2156],[-11977279.2361,4461147.4442],[-11979486.0337,4425911.9732],[-11991506.0897,4425911.9732],[-12022792.4326,4425911.9732],[-12075995.8021,4425911.9732],[-12073222.4996,4446597.7285],[-12072836.4436,4447555.4807],[-12068570.2355,4450979.0449],[-12054838.1971,4464834.884],[-12052657.5595,4468130.2919],[-12054595.7432,4485337.8938],[-12073444.2481,4501342.1378],[-12073164.2795,4505111.1599],[-12060510.3704,4509141.8217],[-12057070.4868,4532340.9507],[-12057693.542,4533015.5662],[-12054938.4959,4550686.4251],[-12045061.6741,4558504.8814],[-12043300.7111,4564473.2329],[-12038773.3474,4571955.2277],[-12040006.99,4575433.1206],[-12052476.6654,4583601.0782],[-12068462.3669,4586831.2464]],[[-11979826.894,4507580.3543],[-11983102.5814,4520724.0664],[-11972208.2994,4529050.3463],[-11985644.6732,4554140.8554],[-11981883.299,4561794.7927],[-11978912.4044,4566039.9962],[-11968057.4182,4571578.0425],[-11969725.0955,4588886.5104],[-11992044.7647,4593540.1803],[-11989539.4083,4613360.0923],[-11982638.2678,4623511.0622],[-11978378.6274,4623940.3727],[-11976101.5873,4626894.6742],[-11968728.4521,4658188.7595],[-11985338.9899,4661279.2453],[-11980534.552,4689675.2212],[-11976086.1138,4691811.1703],[-11989216.0251,4724888.7125],[-11987479.1071,4732366.3208],[-11984147.8714,4734189.4374],[-11979776.8002,4745122.2672],[-11968556.4635,4760599.0401],[-11978545.6067,4778306.7634],[-11978824.6846,4789326.6801],[-11973951.6739,4797275.9958],[-11979145.7301,4807329.7563],[-11990350.4821,4811533.271],[-11993641.9768,4825516.9531],[-11970779.7364,4827323.1792],[-11963927.3538,4831837.4966],[-11963122.0686,4843100.9983],[-11968962.4457,4850210.0576],[-11974919.3743,4854809.5187],[-11981360.0974,4876159.1304],[-11970857.4374,4891427.6309],[-11974205.9276,4907636.8816],[-11972755.212,4914736.4993],[-11972182.3619,4915792.251],[-11971085.0857,4919098.5417],[-11974962.3436,4926738.4868],[-11993292.7675,4945297.866],[-11986251.5871,4956405.5137],[-11985661.9278,4965837.4453],[-11988652.5259,4975525.7811],[-11988448.3659,4980462.1309],[-11986914.606,4984619.8013],[-11988610.7811,4994223.2993],[-11978724.7197,5027891.8757],[-11965504.6396,5027891.8757],[-11934371.2497,5027891.8757],[-11904802.344,5027891.8757],[-11887208.6324,5027891.8757],[-11885570.0095,5014751.6663],[-11893866.2059,4995453.004],[-11894965.1519,4993836.5456],[-11903208.5828,4969324.9628],[-11899918.09,4964355.1901],[-11909990.5001,4934936.4809],[-11904262.1105,4930401.3972],[-11906100.8858,4899591.6295],[-11906814.3324,4897687.5071],[-11906808.5438,4896624.6533],[-11896121.7614,4882701.4908],[-11895748.3958,4868291.3207],[-11902248.5635,4864077.017],[-11905969.4175,4842540.942],[-11897816.2667,4831561.9081],[-11896647.412,4831190.3175],[-11898834.0608,4802243.7132],[-11897534.9623,4797449.47],[-11888178.2252,4791585.0512],[-11890507.5855,4775566.0568],[-11898801.5555,4766883.5155],[-11901636.7516,4759416.833],[-11910876.3807,4747211.4825],[-11916823.0679,4741538.2954],[-11916916.9102,4736745.1931],[-11904929.1369,4729077.9984],[-11901477.3421,4725376.9028],[-11888579.3093,4705723.4417],[-11889928.3902,4703719.6926],[-11899962.3951,4692940.0897],[-11899813.8949,4682320.4274],[-11891999.8233,4667250.5839],[-11908505.0529,4659125.3314],[-11907510.7472,4651621.2132],[-11911941.3742,4642678.1011],[-11899100.2257,4623166.4633],[-11912255.0725,4608667.3072],[-11912928.6668,4605550.5445],[-11918835.8356,4587529.4843],[-11917181.294,4585299.0771],[-11883390.0399,4574097.3407],[-11886487.6161,4547884.2151],[-11892157.4517,4541928.4673],[-11897323.344,4526336.4447],[-11897585.5014,4523860.9952],[-11915003.4395,4508383.7184],[-11913163.6622,4497017.3404],[-11910381.3429,4489578.3324],[-11910592.516,4488523.9091],[-11908626.7251,4468262.6552],[-11905443.2103,4463252.1796],[-11898936.8087,4459572.8339],[-11898179.8361,4458167.4194],[-11912597.2687,4425911.9732],[-11937110.4885,4425911.9732],[-11939188.6007,4425911.9732],[-11944404.9207,4425911.9732],[-11979486.0337,4425911.9732],[-11977279.2361,4461147.4442],[-11990212.5572,4466214.2156],[-11987555.4723,4482842.5711],[-11979289.4435,4486812.8846],[-11979826.894,4507580.3543]],[[-11905443.2103,4463252.1796],[-11908626.7251,4468262.6552],[-11910592.516,4488523.9091],[-11910381.3429,4489578.3324],[-11913163.6622,4497017.3404],[-11915003.4395,4508383.7184],[-11897585.5014,4523860.9952],[-11897323.344,4526336.4447],[-11892157.4517,4541928.4673],[-11886487.6161,4547884.2151],[-11883390.0399,4574097.3407],[-11917181.294,4585299.0771],[-11918835.8356,4587529.4843],[-11912928.6668,4605550.5445],[-11912255.0725,4608667.3072],[-11899100.2257,4623166.4633],[-11911941.3742,4642678.1011],[-11907510.7472,4651621.2132],[-11908505.0529,4659125.3314],[-11891999.8233,4667250.5839],[-11899813.8949,4682320.4274],[-11899962.3951,4692940.0897],[-11889928.3902,4703719.6926],[-11888579.3093,4705723.4417],[-11901477.3421,4725376.9028],[-11904929.1369,4729077.9984],[-11916916.9102,4736745.1931],[-11916823.0679,4741538.2954],[-11910876.3807,4747211.4825],[-11901636.7516,4759416.833],[-11898801.5555,4766883.5155],[-11890507.5855,4775566.0568],[-11888178.2252,4791585.0512],[-11897534.9623,4797449.47],[-11898834.0608,4802243.7132],[-11896647.412,4831190.3175],[-11897816.2667,4831561.9081],[-11905969.4175,4842540.942],[-11902248.5635,4864077.017],[-11895748.3958,4868291.3207],[-11896121.7614,4882701.4908],[-11906808.5438,4896624.6533],[-11906814.3324,4897687.5071],[-11906100.8858,4899591.6295],[-11904262.1105,4930401.3972],[-11909990.5001,4934936.4809],[-11899918.09,4964355.1901],[-11903208.5828,4969324.9628],[-11894965.1519,4993836.5456],[-11893866.2059,4995453.004],[-11885570.0095,5014751.6663],[-11887208.6324,5027891.8757],[-11837926.8259,5027891.8757],[-11821309.9429,5027891.8757],[-11813997.8108,4990906.7264],[-11814011.6144,4990390.8903],[-11811496.1279,4978991.4742],[-11811160.1657,4974757.7368],[-11815756.3248,4967988.7148],[-11820122.2752,4959038.5033],[-11832592.8412,4953136.9328],[-11836221.5226,4945002.9847],[-11834376.5134,4918303.0549],[-11830589.4243,4916807.071],[-11824024.4687,4910989.9245],[-11820201.8687,4894505.2637],[-11824534.2006,4888787.4676],[-11824744.7058,4860230.0483],[-11821620.3016,4857312.1515],[-11818088.4681,4851115.1535],[-11818648.7391,4846443.4336],[-11831871.8248,4828361.701],[-11815447.1906,4810479.7339],[-11815074.159,4796219.6287],[-11824083.134,4781711.3272],[-11824658.6558,4781402.5335],[-11825349.1706,4779921.6659],[-11825432.5