{"D":{"x":[[0,0.1,0.2,0.3,0.4,0.5,0.6,0.7,0.8,0.9,1,1.1,1.2,1.3,1.4,1.5,1.6,1.7,1.8,1.9,2,2.1,2.2,2.3,2.4,2.5,2.6,2.7,2.8,2.9,3,3.1,3.2,3.3,3.4,3.5,3.6,3.7,3.8,3.9,4,4.1,4.2,4.3,4.4,4.5,4.6,4.7,4.8,4.9,5,5.1,5.2,5.3,5.4,5.5,5.6,5.7,5.8,5.9,6,6.1,6.2,6.3,6.4,6.5,6.6,6.7,6.8,6.9,7,7.1,7.2,7.3,7.4,7.5,7.6,7.7,7.8,7.9,8],[0.1,0,0.1,0.2,0.3,0.4,0.5,0.6,0.7,0.8,0.9,1,1.1,1.2,1.3,1.4,1.5,1.6,1.7,1.8,1.9,2,2.1,2.2,2.3,2.4,2.5,2.6,2.7,2.8,2.9,3,3.1,3.2,3.3,3.4,3.5,3.6,3.7,3.8,3.9,4,4.1,4.2,4.3,4.4,4.5,4.6,4.7,4.8,4.9,5,5.1,5.2,5.3,5.4,5.5,5.6,5.7,5.8,5.9,6,6.1,6.2,6.3,6.4,6.5,6.6,6.7,6.8,6.9,7,7.1,7.2,7.3,7.4,7.5,7.6,7.7,7.8,7.9],[0.2,0.1,0,0.1,0.2,0.3,0.4,0.5,0.6,0.7,0.8,0.9,1,1.1,1.2,1.3,1.4,1.5,1.6,1.7,1.8,1.9,2,2.1,2.2,2.3,2.4,2.5,2.6,2.7,2.8,2.9,3,3.1,3.2,3.3,3.4,3.5,3.6,3.7,3.8,3.9,4,4.1,4.2,4.3,4.4,4.5,4.6,4.7,4.8,4.9,5,5.1,5.2,5.3,5.4,5.5,5.6,5.7,5.8,5.9,6,6.1,6.2,6.3,6.4,6.5,6.6,6.7,6.8,6.9,7,7.1,7.2,7.3,7.4,7.5,7.6,7.7,7.8],[0.3,0.2,0.1,0,0.1,0.2,0.3,0.4,0.5,0.6,0.7,0.8,0.9,1,1.1,1.2,1.3,1.4,1.5,1.6,1.7,1.8,1.9,2,2.1,2.2,2.3,2.4,2.5,2.6,2.7,2.8,2.9,3,3.1,3.2,3.3,3.4,3.5,3.6,3.7,3.8,3.9,4,4.1,4.2,4.3,4.4,4.5,4.6,4.7,4.8,4.9,5,5.1,5.2,5.3,5.4,5.5,5.6,5.7,5.8,5.9,6,6.1,6.2,6.3,6.4,6.5,6.6,6.7,6.8,6.9,7,7.1,7.2,7.3,7.4,7.5,7.6,7.7],[0.4,0.3,0.2,0.1,0,0.1,0.2,0.3,0.4,0.5,0.6,0.7,0.8,0.9,1,1.1,1.2,1.3,1.4,1.5,1.6,1.7,1.8,1.9,2,2.1,2.2,2.3,2.4,2.5,2.6,2.7,2.8,2.9,3,3.1,3.2,3.3,3.4,3.5,3.6,3.7,3.8,3.9,4,4.1,4.2,4.3,4.4,4.5,4.6,4.7,4.8,4.9,5,5.1,5.2,5.3,5.4,5.5,5.6,5.7,5.8,5.9,6,6.1,6.2,6.3,6.4,6.5,6.6,6.7,6.8,6.9,7,7.1,7.2,7.3,7.4,7.5,7.6],[0.5,0.4,0.3,0.2,0.1,0,0.1,0.2,0.3,0.4,0.5,0.6,0.7,0.8,0.9,1,1.1,1.2,1.3,1.4,1.5,1.6,1.7,1.8,1.9,2,2.1,2.2,2.3,2.4,2.5,2.6,2.7,2.8,2.9,3,3.1,3.2,3.3,3.4,3.5,3.6,3.7,3.8,3.9,4,4.1,4.2,4.3,4.4,4.5,4.6,4.7,4.8,4.9,5,5.1,5.2,5.3,5.4,5.5,5.6,5.7,5.8,5.9,6,6.1,6.2,6.3,6.4,6.5,6.6,6.7,6.8,6.9,7,7.1,7.2,7.3,7.4,7.5],[0.6,0.5,0.4,0.3,0.2,0.1,0,0.1,0.2,0.3,0.4,0.5,0.6,0.7,0.8,0.9,1,1.1,1.2,1.3,1.4,1.5,1.6,1.7,1.8,1.9,2,2.1,2.2,2.3,2.4,2.5,2.6,2.7,2.8,2.9,3,3.1,3.2,3.3,3.4,3.5,3.6,3.7,3.8,3.9,4,4.1,4.2,4.3,4.4,4.5,4.6,4.7,4.8,4.9,5,5.1,5.2,5.3,5.4,5.5,5.6,5.7,5.8,5.9,6,6.1,6.2,6.3,6.4,6.5,6.6,6.7,6.8,6.9,7,7.1,7.2,7.3,7.4],[0.7,0.6,0.5,0.4,0.3,0.2,0.1,0,0.1,0.2,0.3,0.4,0.5,0.6,0.7,0.8,0.9,1,1.1,1.2,1.3,1.4,1.5,1.6,1.7,1.8,1.9,2,2.1,2.2,2.3,2.4,2.5,2.6,2.7,2.8,2.9,3,3.1,3.2,3.3,3.4,3.5,3.6,3.7,3.8,3.9,4,4.1,4.2,4.3,4.4,4.5,4.6,4.7,4.8,4.9,5,5.1,5.2,5.3,5.4,5.5,5.6,5.7,5.8,5.9,6,6.1,6.2,6.3,6.4,6.5,6.6,6.7,6.8,6.9,7,7.1,7.2,7.3],[0.8,0.7,0.6,0.5,0.4,0.3,0.2,0.1,0,0.1,0.2,0.3,0.4,0.5,0.6,0.7,0.8,0.9,1,1.1,1.2,1.3,1.4,1.5,1.6,1.7,1.8,1.9,2,2.1,2.2,2.3,2.4,2.5,2.6,2.7,2.8,2.9,3,3.1,3.2,3.3,3.4,3.5,3.6,3.7,3.8,3.9,4,4.1,4.2,4.3,4.4,4.5,4.6,4.7,4.8,4.9,5,5.1,5.2,5.3,5.4,5.5,5.6,5.7,5.8,5.9,6,6.1,6.2,6.3,6.4,6.5,6.6,6.7,6.8,6.9,7,7.1,7.2],[0.9,0.8,0.7,0.6,0.5,0.4,0.3,0.2,0.1,0,0.1,0.2,0.3,0.4,0.5,0.6,0.7,0.8,0.9,1,1.1,1.2,1.3,1.4,1.5,1.6,1.7,1.8,1.9,2,2.1,2.2,2.3,2.4,2.5,2.6,2.7,2.8,2.9,3,3.1,3.2,3.3,3.4,3.5,3.6,3.7,3.8,3.9,4,4.1,4.2,4.3,4.4,4.5,4.6,4.7,4.8,4.9,5,5.1,5.2,5.3,5.4,5.5,5.6,5.7,5.8,5.9,6,6.1,6.2,6.3,6.4,6.5,6.6,6.7,6.8,6.9,7,7.1],[1,0.9,0.8,0.7,0.6,0.5,0.4,0.3,0.2,0.1,0,0.1,0.2,0.3,0.4,0.5,0.6,0.7,0.8,0.9,1,1.1,1.2,1.3,1.4,1.5,1.6,1.7,1.8,1.9,2,2.1,2.2,2.3,2.4,2.5,2.6,2.7,2.8,2.9,3,3.1,3.2,3.3,3.4,3.5,3.6,3.7,3.8,3.9,4,4.1,4.2,4.3,4.4,4.5,4.6,4.7,4.8,4.9,5,5.1,5.2,5.3,5.4,5.5,5.6,5.7,5.8,5.9,6,6.1,6.2,6.3,6.4,6.5,6.6,6.7,6.8,6.9,7],[1.1,1,0.9,0.8,0.7,0.6,0.5,0.4,0.3,0.2,0.1,0,0.1,0.2,0.3,0.4,0.5,0.6,0.7,0.8,0.9,1,1.1,1.2,1.3,1.4,1.5,1.6,1.7,1.8,1.9,2,2.1,2.2,2.3,2.4,2.5,2.6,2.7,2.8,2.9,3,3.1,3.2,3.3,3.4,3.5,3.6,3.7,3.8,3.9,4,4.1,4.2,4.3,4.4,4.5,4.6,4.7,4.8,4.9,5,5.1,5.2,5.3,5.4,5.5,5.6,5.7,5.8,5.9,6,6.1,6.2,6.3,6.4,6.5,6.6,6.7,6.8,6.9],[1.2,1.1,1,0.9,0.8,0.7,0.6,0.5,0.4,0.3,0.2,0.1,0,0.1,0.2,0.3,0.4,0.5,0.6,0.7,0.8,0.9,1,1.1,1.2,1.3,1.4,1.5,1.6,1.7,1.8,1.9,2,2.1,2.2,2.3,2.4,2.5,2.6,2.7,2.8,2.9,3,3.1,3.2,3.3,3.4,3.5,3.6,3.7,3.8,3.9,4,4.1,4.2,4.3,4.4,4.5,4.6,4.7,4.8,4.9,5,5.1,5.2,5.3,5.4,5.5,5.6,5.7,5.8,5.9,6,6.1,6.2,6.3,6.4,6.5,6.6,6.7,6.8],[1.3,1.2,1.1,1,0.9,0.8,0.7,0.6,0.5,0.4,0.3,0.2,0.1,0,0.1,0.2,0.3,0.4,0.5,0.6,0.7,0.8,0.9,1,1.1,1.2,1.3,1.4,1.5,1.6,1.7,1.8,1.9,2,2.1,2.2,2.3,2.4,2.5,2.6,2.7,2.8,2.9,3,3.1,3.2,3.3,3.4,3.5,3.6,3.7,3.8,3.9,4,4.1,4.2,4.3,4.4,4.5,4.6,4.7,4.8,4.9,5,5.1,5.2,5.3,5.4,5.5,5.6,5.7,5.8,5.9,6,6.1,6.2,6.3,6.4,6.5,6.6,6.7],[1.4,1.3,1.2,1.1,1,0.9,0.8,0.7,0.6,0.5,0.4,0.3,0.2,0.1,0,0.1,0.2,0.3,0.4,0.5,0.6,0.7,0.8,0.9,1,1.1,1.2,1.3,1.4,1.5,1.6,1.7,1.8,1.9,2,2.1,2.2,2.3,2.4,2.5,2.6,2.7,2.8,2.9,3,3.1,3.2,3.3,3.4,3.5,3.6,3.7,3.8,3.9,4,4.1,4.2,4.3,4.4,4.5,4.6,4.7,4.8,4.9,5,5.1,5.2,5.3,5.4,5.5,5.6,5.7,5.8,5.9,6,6.1,6.2,6.3,6.4,6.5,6.6],[1.5,1.4,1.3,1.2,1.1,1,0.9,0.8,0.7,0.6,0.5,0.4,0.3,0.2,0.1,0,0.1,0.2,0.3,0.4,0.5,0.6,0.7,0.8,0.9,1,1.1,1.2,1.3,1.4,1.5,1.6,1.7,1.8,1.9,2,2.1,2.2,2.3,2.4,2.5,2.6,2.7,2.8,2.9,3,3.1,3.2,3.3,3.4,3.5,3.6,3.7,3.8,3.9,4,4.1,4.2,4.3,4.4,4.5,4.6,4.7,4.8,4.9,5,5.1,5.2,5.3,5.4,5.5,5.6,5.7,5.8,5.9,6,6.1,6.2,6.3,6.4,6.5],[1.6,1.5,1.4,1.3,1.2,1.1,1,0.9,0.8,0.7,0.6,0.5,0.4,0.3,0.2,0.1,0,0.1,0.2,0.3,0.4,0.5,0.6,0.7,0.8,0.9,1,1.1,1.2,1.3,1.4,1.5,1.6,1.7,1.8,1.9,2,2.1,2.2,2.3,2.4,2.5,2.6,2.7,2.8,2.9,3,3.1,3.2,3.3,3.4,3.5,3.6,3.7,3.8,3.9,4,4.1,4.2,4.3,4.4,4.5,4.6,4.7,4.8,4.9,5,5.1,5.2,5.3,5.4,5.5,5.6,5.7,5.8,5.9,6,6.1,6.2,6.3,6.4],[1.7,1.6,1.5,1.4,1.3,1.2,1.1,1,0.9,0.8,0.7,0.6,0.5,0.4,0.3,0.2,0.1,0,0.1,0.2,0.3,0.4,0.5,0.6,0.7,0.8,0.9,1,1.1,1.2,1.3,1.4,1.5,1.6,1.7,1.8,1.9,2,2.1,2.2,2.3,2.4,2.5,2.6,2.7,2.8,2.9,3,3.1,3.2,3.3,3.4,3.5,3.6,3.7,3.8,3.9,4,4.1,4.2,4.3,4.4,4.5,4.6,4.7,4.8,4.9,5,5.1,5.2,5.3,5.4,5.5,5.6,5.7,5.8,5.9,6,6.1,6.2,6.3],[1.8,1.7,1.6,1.5,1.4,1.3,1.2,1.1,1,0.9,0.8,0.7,0.6,0.5,0.4,0.3,0.2,0.1,0,0.1,0.2,0.3,0.4,0.5,0.6,0.7,0.8,0.9,1,1.1,1.2,1.3,1.4,1.5,1.6,1.7,1.8,1.9,2,2.1,2.2,2.3,2.4,2.5,2.6,2.7,2.8,2.9,3,3.1,3.2,3.3,3.4,3.5,3.6,3.7,3.8,3.9,4,4.1,4.2,4.3,4.4,4.5,4.6,4.7,4.8,4.9,5,5.1,5.2,5.3,5.4,5.5,5.6,5.7,5.8,5.9,6,6.1,6.2],[1.9,1.8,1.7,1.6,1.5,1.4,1.3,1.2,1.1,1,0.9,0.8,0.7,0.6,0.5,0.4,0.3,0.2,0.1,0,0.1,0.2,0.3,0.4,0.5,0.6,0.7,0.8,0.9,1,1.1,1.2,1.3,1.4,1.5,1.6,1.7,1.8,1.9,2,2.1,2.2,2.3,2.4,2.5,2.6,2.7,2.8,2.9,3,3.1,3.2,3.3,3.4,3.5,3.6,3.7,3.8,3.9,4,4.1,4.2,4.3,4.4,4.5,4.6,4.7,4.8,4.9,5,5.1,5.2,5.3,5.4,5.5,5.6,5.7,5.8,5.9,6,6.1],[2,1.9,1.8,1.7,1.6,1.5,1.4,1.3,1.2,1.1,1,0.9,0.8,0.7,0.6,0.5,0.4,0.3,0.2,0.1,0,0.1,0.2,0.3,0.4,0.5,0.6,0.7,0.8,0.9,1,1.1,1.2,1.3,1.4,1.5,1.6,1.7,1.8,1.9,2,2.1,2.2,2.3,2.4,2.5,2.6,2.7,2.8,2.9,3,3.1,3.2,3.3,3.4,3.5,3.6,3.7,3.8,3.9,4,4.1,4.2,4.3,4.4,4.5,4.6,4.7,4.8,4.9,5,5.1,5.2,5.3,5.4,5.5,5.6,5.7,5.8,5.9,6],[2.1,2,1.9,1.8,1.7,1.6,1.5,1.4,1.3,1.2,1.1,1,0.9,0.8,0.7,0.6,0.5,0.4,0.3,0.2,0.1,0,0.1,0.2,0.3,0.4,0.5,0.6,0.7,0.8,0.9,1,1.1,1.2,1.3,1.4,1.5,1.6,1.7,1.8,1.9,2,2.1,2.2,2.3,2.4,2.5,2.6,2.7,2.8,2.9,3,3.1,3.2,3.3,3.4,3.5,3.6,3.7,3.8,3.9,4,4.1,4.2,4.3,4.4,4.5,4.6,4.7,4.8,4.9,5,5.1,5.2,5.3,5.4,5.5,5.6,5.7,5.8,5.9],[2.2,2.1,2,1.9,1.8,1.7,1.6,1.5,1.4,1.3,1.2,1.1,1,0.9,0.8,0.7,0.6,0.5,0.4,0.3,0.2,0.1,0,0.1,0.2,0.3,0.4,0.5,0.6,0.7,0.8,0.9,1,1.1,1.2,1.3,1.4,1.5,1.6,1.7,1.8,1.9,2,2.1,2.2,2.3,2.4,2.5,2.6,2.7,2.8,2.9,3,3.1,3.2,3.3,3.4,3.5,3.6,3.7,3.8,3.9,4,4.1,4.2,4.3,4.4,4.5,4.6,4.7,4.8,4.9,5,5.1,5.2,5.3,5.4,5.5,5.6,5.7,5.8],[2.3,2.2,2.1,2,1.9,1.8,1.7,1.6,1.5,1.4,1.3,1.2,1.1,1,0.9,0.8,0.7,0.6,0.5,0.4,0.3,0.2,0.1,0,0.1,0.2,0.3,0.4,0.5,0.6,0.7,0.8,0.9,1,1.1,1.2,1.3,1.4,1.5,1.6,1.7,1.8,1.9,2,2.1,2.2,2.3,2.4,2.5,2.6,2.7,2.8,2.9,3,3.1,3.2,3.3,3.4,3.5,3.6,3.7,3.8,3.9,4,4.1,4.2,4.3,4.4,4.5,4.6,4.7,4.8,4.9,5,5.1,5.2,5.3,5.4,5.5,5.6,5.7],[2.4,2.3,2.2,2.1,2,1.9,1.8,1.7,1.6,1.5,1.4,1.3,1.2,1.1,1,0.9,0.8,0.7,0.6,0.5,0.4,0.3,0.2,0.1,0,0.1,0.2,0.3,0.4,0.5,0.6,0.7,0.8,0.9,1,1.1,1.2,1.3,1.4,1.5,1.6,1.7,1.8,1.9,2,2.1,2.2,2.3,2.4,2.5,2.6,2.7,2.8,2.9,3,3.1,3.2,3.3,3.4,3.5,3.6,3.7,3.8,3.9,4,4.1,4.2,4.3,4.4,4.5,4.6,4.7,4.8,4.9,5,5.1,5.2,5.3,5.4,5.5,5.6],[2.5,2.4,2.3,2.2,2.1,2,1.9,1.8,1.7,1.6,1.5,1.4,1.3,1.2,1.1,1,0.9,0.8,0.7,0.6,0.5,0.4,0.3,0.2,0.1,0,0.1,0.2,0.3,0.4,0.5,0.6,0.7,0.8,0.9,1,1.1,1.2,1.3,1.4,1.5,1.6,1.7,1.8,1.9,2,2.1,2.2,2.3,2.4,2.5,2.6,2.7,2.8,2.9,3,3.1,3.2,3.3,3.4,3.5,3.6,3.7,3.8,3.9,4,4.1,4.2,4.3,4.4,4.5,4.6,4.7,4.8,4.9,5,5.1,5.2,5.3,5.4,5.5],[2.6,2.5,2.4,2.3,2.2,2.1,2,1.9,1.8,1.7,1.6,1.5,1.4,1.3,1.2,1.1,1,0.9,0.8,0.7,0.6,0.5,0.4,0.3,0.2,0.1,0,0.1,0.2,0.3,0.4,0.5,0.6,0.7,0.8,0.9,1,1.1,1.2,1.3,1.4,1.5,1.6,1.7,1.8,1.9,2,2.1,2.2,2.3,2.4,2.5,2.6,2.7,2.8,2.9,3,3.1,3.2,3.3,3.4,3.5,3.6,3.7,3.8,3.9,4,4.1,4.2,4.3,4.4,4.5,4.6,4.7,4.8,4.9,5,5.1,5.2,5.3,5.4],[2.7,2.6,2.5,2.4,2.3,2.2,2.1,2,1.9,1.8,1.7,1.6,1.5,1.4,1.3,1.2,1.1,1,0.9,0.8,0.7,0.6,0.5,0.4,0.3,0.2,0.1,0,0.1,0.2,0.3,0.4,0.5,0.6,0.7,0.8,0.9,1,1.1,1.2,1.3,1.4,1.5,1.6,1.7,1.8,1.9,2,2.1,2.2,2.3,2.4,2.5,2.6,2.7,2.8,2.9,3,3.1,3.2,3.3,3.4,3.5,3.6,3.7,3.8,3.9,4,4.1,4.2,4.3,4.4,4.5,4.6,4.7,4.8,4.9,5,5.1,5.2,5.3],[2.8,2.7,2.6,2.5,2.4,2.3,2.2,2.1,2,1.9,1.8,1.7,1.6,1.5,1.4,1.3,1.2,1.1,1,0.9,0.8,0.7,0.6,0.5,0.4,0.3,0.2,0.1,0,0.1,0.2,0.3,0.4,0.5,0.6,0.7,0.8,0.9,1,1.1,1.2,1.3,1.4,1.5,1.6,1.7,1.8,1.9,2,2.1,2.2,2.3,2.4,2.5,2.6,2.7,2.8,2.9,3,3.1,3.2,3.3,3.4,3.5,3.6,3.7,3.8,3.9,4,4.1,4.2,4.3,4.4,4.5,4.6,4.7,4.8,4.9,5,5.1,5.2],[2.9,2.8,2.7,2.6,2.5,2.4,2.3,2.2,2.1,2,1.9,1.8,1.7,1.6,1.5,1.4,1.3,1.2,1.1,1,0.9,0.8,0.7,0.6,0.5,0.4,0.3,0.2,0.1,0,0.1,0.2,0.3,0.4,0.5,0.6,0.7,0.8,0.9,1,1.1,1.2,1.3,1.4,1.5,1.6,1.7,1.8,1.9,2,2.1,2.2,2.3,2.4,2.5,2.6,2.7,2.8,2.9,3,3.1,3.2,3.3,3.4,3.5,3.6,3.7,3.8,3.9,4,4.1,4.2,4.3,4.4,4.5,4.6,4.7,4.8,4.9,5,5.1],[3,2.9,2.8,2.7,2.6,2.5,2.4,2.3,2.2,2.1,2,1.9,1.8,1.7,1.6,1.5,1.4,1.3,1.2,1.1,1,0.9,0.8,0.7,0.6,0.5,0.4,0.3,0.2,0.1,0,0.1,0.2,0.3,0.4,0.5,0.6,0.7,0.8,0.9,1,1.1,1.2,1.3,1.4,1.5,1.6,1.7,1.8,1.9,2,2.1,2.2,2.3,2.4,2.5,2.6,2.7,2.8,2.9,3,3.1,3.2,3.3,3.4,3.5,3.6,3.7,3.8,3.9,4,4.1,4.2,4.3,4.4,4.5,4.6,4.7,4.8,4.9,5],[3.1,3,2.9,2.8,2.7,2.6,2.5,2.4,2.3,2.2,2.1,2,1.9,1.8,1.7,1.6,1.5,1.4,1.3,1.2,1.1,1,0.9,0.8,0.7,0.6,0.5,0.4,0.3,0.2,0.1,0,0.1,0.2,0.3,0.4,0.5,0.6,0.7,0.8,0.9,1,1.1,1.2,1.3,1.4,1.5,1.6,1.7,1.8,1.9,2,2.1,2.2,2.3,2.4,2.5,2.6,2.7,2.8,2.9,3,3.1,3.2,3.3,3.4,3.5,3.6,3.7,3.8,3.9,4,4.1,4.2,4.3,4.4,4.5,4.6,4.7,4.8,4.9],[3.2,3.1,3,2.9,2.8,2.7,2.6,2.5,2.4,2.3,2.2,2.1,2,1.9,1.8,1.7,1.6,1.5,1.4,1.3,1.2,1.1,1,0.9,0.8,0.7,0.6,0.5,0.4,0.3,0.2,0.1,0,0.1,0.2,0.3,0.4,0.5,0.6,0.7,0.8,0.9,1,1.1,1.2,1.3,1.4,1.5,1.6,1.7,1.8,1.9,2,2.1,2.2,2.3,2.4,2.5,2.6,2.7,2.8,2.9,3,3.1,3.2,3.3,3.4,3.5,3.6,3.7,3.8,3.9,4,4.1,4.2,4.3,4.4,4.5,4.6,4.7,4.8],[3.3,3.2,3.1,3,2.9,2.8,2.7,2.6,2.5,2.4,2.3,2.2,2.1,2,1.9,1.8,1.7,1.6,1.5,1.4,1.3,1.2,1.1,1,0.9,0.8,0.7,0.6,0.5,0.4,0.3,0.2,0.1,0,0.1,0.2,0.3,0.4,0.5,0.6,0.7,0.8,0.9,1,1.1,1.2,1.3,1.4,1.5,1.6,1.7,1.8,1.9,2,2.1,2.2,2.3,2.4,2.5,2.6,2.7,2.8,2.9,3,3.1,3.2,3.3,3.4,3.5,3.6,3.7,3.8,3.9,4,4.1,4.2,4.3,4.4,4.5,4.6,4.7],[3.4,3.3,3.2,3.1,3,2.9,2.8,2.7,2.6,2.5,2.4,2.3,2.2,2.1,2,1.9,1.8,1.7,1.6,1.5,1.4,1.3,1.2,1.1,1,0.9,0.8,0.7,0.6,0.5,0.4,0.3,0.2,0.1,0,0.1,0.2,0.3,0.4,0.5,0.6,0.7,0.8,0.9,1,1.1,1.2,1.3,1.4,1.5,1.6,1.7,1.8,1.9,2,2.1,2.2,2.3,2.4,2.5,2.6,2.7,2.8,2.9,3,3.1,3.2,3.3,3.4,3.5,3.6,3.7,3.8,3.9,4,4.1,4.2,4.3,4.4,4.5,4.6],[3.5,3.4,3.3,3.2,3.1,3,2.9,2.8,2.7,2.6,2.5,2.4,2.3,2.2,2.1,2,1.9,1.8,1.7,1.6,1.5,1.4,1.3,1.2,1.1,1,0.9,0.8,0.7,0.6,0.5,0.4,0.3,0.2,0.1,0,0.1,0.2,0.3,0.4,0.5,0.6,0.7,0.8,0.9,1,1.1,1.2,1.3,1.4,1.5,1.6,1.7,1.8,1.9,2,2.1,2.2,2.3,2.4,2.5,2.6,2.7,2.8,2.9,3,3.1,3.2,3.3,3.4,3.5,3.6,3.7,3.8,3.9,4,4.1,4.2,4.3,4.4,4.5],[3.6,3.5,3.4,3.3,3.2,3.1,3,2.9,2.8,2.7,2.6,2.5,2.4,2.3,2.2,2.1,2,1.9,1.8,1.7,1.6,1.5,1.4,1.3,1.2,1.1,1,0.9,0.8,0.7,0.6,0.5,0.4,0.3,0.2,0.1,0,0.1,0.2,0.3,0.4,0.5,0.6,0.7,0.8,0.9,1,1.1,1.2,1.3,1.4,1.5,1.6,1.7,1.8,1.9,2,2.1,2.2,2.3,2.4,2.5,2.6,2.7,2.8,2.9,3,3.1,3.2,3.3,3.4,3.5,3.6,3.7,3.8,3.9,4,4.1,4.2,4.3,4.4],[3.7,3.6,3.5,3.4,3.3,3.2,3.1,3,2.9,2.8,2.7,2.6,2.5,2.4,2.3,2.2,2.1,2,1.9,1.8,1.7,1.6,1.5,1.4,1.3,1.2,1.1,1,0.9,0.8,0.7,0.6,0.5,0.4,0.3,0.2,0.1,0,0.1,0.2,0.3,0.4,0.5,0.6,0.7,0.8,0.9,1,1.1,1.2,1.3,1.4,1.5,1.6,1.7,1.8,1.9,2,2.1,2.2,2.3,2.4,2.5,2.6,2.7,2.8,2.9,3,3.1,3.2,3.3,3.4,3.5,3.6,3.7,3.8,3.9,4,4.1,4.2,4.3],[3.8,3.7,3.6,3.5,3.4,3.3,3.2,3.1,3,2.9,2.8,2.7,2.6,2.5,2.4,2.3,2.2,2.1,2,1.9,1.8,1.7,1.6,1.5,1.4,1.3,1.2,1.1,1,0.9,0.8,0.7,0.6,0.5,0.4,0.3,0.2,0.1,0,0.1,0.2,0.3,0.4,0.5,0.6,0.7,0.8,0.9,1,1.1,1.2,1.3,1.4,1.5,1.6,1.7,1.8,1.9,2,2.1,2.2,2.3,2.4,2.5,2.6,2.7,2.8,2.9,3,3.1,3.2,3.3,3.4,3.5,3.6,3.7,3.8,3.9,4,4.1,4.2],[3.9,3.8,3.7,3.6,3.5,3.4,3.3,3.2,3.1,3,2.9,2.8,2.7,2.6,2.5,2.4,2.3,2.2,2.1,2,1.9,1.8,1.7,1.6,1.5,1.4,1.3,1.2,1.1,1,0.9,0.8,0.7,0.6,0.5,0.4,0.3,0.2,0.1,0,0.1,0.2,0.3,0.4,0.5,0.6,0.7,0.8,0.9,1,1.1,1.2,1.3,1.4,1.5,1.6,1.7,1.8,1.9,2,2.1,2.2,2.3,2.4,2.5,2.6,2.7,2.8,2.9,3,3.1,3.2,3.3,3.4,3.5,3.6,3.7,3.8,3.9,4,4.1],[4,3.9,3.8,3.7,3.6,3.5,3.4,3.3,3.2,3.1,3,2.9,2.8,2.7,2.6,2.5,2.4,2.3,2.2,2.1,2,1.9,1.8,1.7,1.6,1.5,1.4,1.3,1.2,1.1,1,0.9,0.8,0.7,0.6,0.5,0.4,0.3,0.2,0.1,0,0.1,0.2,0.3,0.4,0.5,0.6,0.7,0.8,0.9,1,1.1,1.2,1.3,1.4,1.5,1.6,1.7,1.8,1.9,2,2.1,2.2,2.3,2.4,2.5,2.6,2.7,2.8,2.9,3,3.1,3.2,3.3,3.4,3.5,3.6,3.7,3.8,3.9,4],[4.1,4,3.9,3.8,3.7,3.6,3.5,3.4,3.3,3.2,3.1,3,2.9,2.8,2.7,2.6,2.5,2.4,2.3,2.2,2.1,2,1.9,1.8,1.7,1.6,1.5,1.4,1.3,1.2,1.1,1,0.9,0.8,0.7,0.6,0.5,0.4,0.3,0.2,0.1,0,0.1,0.2,0.3,0.4,0.5,0.6,0.7,0.8,0.9,1,1.1,1.2,1.3,1.4,1.5,1.6,1.7,1.8,1.9,2,2.1,2.2,2.3,2.4,2.5,2.6,2.7,2.8,2.9,3,3.1,3.2,3.3,3.4,3.5,3.6,3.7,3.8,3.9],[4.2,4.1,4,3.9,3.8,3.7,3.6,3.5,3.4,3.3,3.2,3.1,3,2.9,2.8,2.7,2.6,2.5,2.4,2.3,2.2,2.1,2,1.9,1.8,1.7,1.6,1.5,1.4,1.3,1.2,1.1,1,0.9,0.8,0.7,0.6,0.5,0.4,0.3,0.2,0.1,0,0.1,0.2,0.3,0.4,0.5,0.6,0.7,0.8,0.9,1,1.1,1.2,1.3,1.4,1.5,1.6,1.7,1.8,1.9,2,2.1,2.2,2.3,2.4,2.5,2.6,2.7,2.8,2.9,3,3.1,3.2,3.3,3.4,3.5,3.6,3.7,3.8],[4.3,4.2,4.1,4,3.9,3.8,3.7,3.6,3.5,3.4,3.3,3.2,3.1,3,2.9,2.8,2.7,2.6,2.5,2.4,2.3,2.2,2.1,2,1.9,1.8,1.7,1.6,1.5,1.4,1.3,1.2,1.1,1,0.9,0.8,0.7,0.6,0.5,0.4,0.3,0.2,0.1,0,0.1,0.2,0.3,0.4,0.5,0.6,0.7,0.8,0.9,1,1.1,1.2,1.3,1.4,1.5,1.6,1.7,1.8,1.9,2,2.1,2.2,2.3,2.4,2.5,2.6,2.7,2.8,2.9,3,3.1,3.2,3.3,3.4,3.5,3.6,3.7],[4.4,4.3,4.2,4.1,4,3.9,3.8,3.7,3.6,3.5,3.4,3.3,3.2,3.1,3,2.9,2.8,2.7,2.6,2.5,2.4,2.3,2.2,2.1,2,1.9,1.8,1.7,1.6,1.5,1.4,1.3,1.2,1.1,1,0.9,0.8,0.7,0.6,0.5,0.4,0.3,0.2,0.1,0,0.1,0.2,0.3,0.4,0.5,0.6,0.7,0.8,0.9,1,1.1,1.2,1.3,1.4,1.5,1.6,1.7,1.8,1.9,2,2.1,2.2,2.3,2.4,2.5,2.6,2.7,2.8,2.9,3,3.1,3.2,3.3,3.4,3.5,3.6],[4.5,4.4,4.3,4.2,4.1,4,3.9,3.8,3.7,3.6,3.5,3.4,3.3,3.2,3.1,3,2.9,2.8,2.7,2.6,2.5,2.4,2.3,2.2,2.1,2,1.9,1.8,1.7,1.6,1.5,1.4,1.3,1.2,1.1,1,0.9,0.8,0.7,0.6,0.5,0.4,0.3,0.2,0.1,0,0.1,0.2,0.3,0.4,0.5,0.6,0.7,0.8,0.9,1,1.1,1.2,1.3,1.4,1.5,1.6,1.7,1.8,1.9,2,2.1,2.2,2.3,2.4,2.5,2.6,2.7,2.8,2.9,3,3.1,3.2,3.3,3.4,3.5],[4.6,4.5,4.4,4.3,4.2,4.1,4,3.9,3.8,3.7,3.6,3.5,3.4,3.3,3.2,3.1,3,2.9,2.8,2.7,2.6,2.5,2.4,2.3,2.2,2.1,2,1.9,1.8,1.7,1.6,1.5,1.4,1.3,1.2,1.1,1,0.9,0.8,0.7,0.6,0.5,0.4,0.3,0.2,0.1,0,0.1,0.2,0.3,0.4,0.5,0.6,0.7,0.8,0.9,1,1.1,1.2,1.3,1.4,1.5,1.6,1.7,1.8,1.9,2,2.1,2.2,2.3,2.4,2.5,2.6,2.7,2.8,2.9,3,3.1,3.2,3.3,3.4],[4.7,4.6,4.5,4.4,4.3,4.2,4.1,4,3.9,3.8,3.7,3.6,3.5,3.4,3.3,3.2,3.1,3,2.9,2.8,2.7,2.6,2.5,2.4,2.3,2.2,2.1,2,1.9,1.8,1.7,1.6,1.5,1.4,1.3,1.2,1.1,1,0.9,0.8,0.7,0.6,0.5,0.4,0.3,0.2,0.1,0,0.1,0.2,0.3,0.4,0.5,0.6,0.7,0.8,0.9,1,1.1,1.2,1.3,1.4,1.5,1.6,1.7,1.8,1.9,2,2.1,2.2,2.3,2.4,2.5,2.6,2.7,2.8,2.9,3,3.1,3.2,3.3],[4.8,4.7,4.6,4.5,4.4,4.3,4.2,4.1,4,3.9,3.8,3.7,3.6,3.5,3.4,3.3,3.2,3.1,3,2.9,2.8,2.7,2.6,2.5,2.4,2.3,2.2,2.1,2,1.9,1.8,1.7,1.6,1.5,1.4,1.3,1.2,1.1,1,0.9,0.8,0.7,0.6,0.5,0.4,0.3,0.2,0.1,0,0.1,0.2,0.3,0.4,0.5,0.6,0.7,0.8,0.9,1,1.1,1.2,1.3,1.4,1.5,1.6,1.7,1.8,1.9,2,2.1,2.2,2.3,2.4,2.5,2.6,2.7,2.8,2.9,3,3.1,3.2],[4.9,4.8,4.7,4.6,4.5,4.4,4.3,4.2,4.1,4,3.9,3.8,3.7,3.6,3.5,3.4,3.3,3.2,3.1,3,2.9,2.8,2.7,2.6,2.5,2.4,2.3,2.2,2.1,2,1.9,1.8,1.7,1.6,1.5,1.4,1.3,1.2,1.1,1,0.9,0.8,0.7,0.6,0.5,0.4,0.3,0.2,0.1,0,0.1,0.2,0.3,0.4,0.5,0.6,0.7,0.8,0.9,1,1.1,1.2,1.3,1.4,1.5,1.6,1.7,1.8,1.9,2,2.1,2.2,2.3,2.4,2.5,2.6,2.7,2.8,2.9,3,3.1],[5,4.9,4.8,4.7,4.6,4.5,4.4,4.3,4.2,4.1,4,3.9,3.8,3.7,3.6,3.5,3.4,3.3,3.2,3.1,3,2.9,2.8,2.7,2.6,2.5,2.4,2.3,2.2,2.1,2,1.9,1.8,1.7,1.6,1.5,1.4,1.3,1.2,1.1,1,0.9,0.8,0.7,0.6,0.5,0.4,0.3,0.2,0.1,0,0.1,0.2,0.3,0.4,0.5,0.6,0.7,0.8,0.9,1,1.1,1.2,1.3,1.4,1.5,1.6,1.7,1.8,1.9,2,2.1,2.2,2.3,2.4,2.5,2.6,2.7,2.8,2.9,3],[5.1,5,4.9,4.8,4.7,4.6,4.5,4.4,4.3,4.2,4.1,4,3.9,3.8,3.7,3.6,3.5,3.4,3.3,3.2,3.1,3,2.9,2.8,2.7,2.6,2.5,2.4,2.3,2.2,2.1,2,1.9,1.8,1.7,1.6,1.5,1.4,1.3,1.2,1.1,1,0.9,0.8,0.7,0.6,0.5,0.4,0.3,0.2,0.1,0,0.1,0.2,0.3,0.4,0.5,0.6,0.7,0.8,0.9,1,1.1,1.2,1.3,1.4,1.5,1.6,1.7,1.8,1.9,2,2.1,2.2,2.3,2.4,2.5,2.6,2.7,2.8,2.9],[5.2,5.1,5,4.9,4.8,4.7,4.6,4.5,4.4,4.3,4.2,4.1,4,3.9,3.8,3.7,3.6,3.5,3.4,3.3,3.2,3.1,3,2.9,2.8,2.7,2.6,2.5,2.4,2.3,2.2,2.1,2,1.9,1.8,1.7,1.6,1.5,1.4,1.3,1.2,1.1,1,0.9,0.8,0.7,0.6,0.5,0.4,0.3,0.2,0.1,0,0.1,0.2,0.3,0.4,0.5,0.6,0.7,0.8,0.9,1,1.1,1.2,1.3,1.4,1.5,1.6,1.7,1.8,1.9,2,2.1,2.2,2.3,2.4,2.5,2.6,2.7,2.8],[5.3,5.2,5.1,5,4.9,4.8,4.7,4.6,4.5,4.4,4.3,4.2,4.1,4,3.9,3.8,3.7,3.6,3.5,3.4,3.3,3.2,3.1,3,2.9,2.8,2.7,2.6,2.5,2.4,2.3,2.2,2.1,2,1.9,1.8,1.7,1.6,1.5,1.4,1.3,1.2,1.1,1,0.9,0.8,0.7,0.6,0.5,0.4,0.3,0.2,0.1,0,0.1,0.2,0.3,0.4,0.5,0.6,0.7,0.8,0.9,1,1.1,1.2,1.3,1.4,1.5,1.6,1.7,1.8,1.9,2,2.1,2.2,2.3,2.4,2.5,2.6,2.7],[5.4,5.3,5.2,5.1,5,4.9,4.8,4.7,4.6,4.5,4.4,4.3,4.2,4.1,4,3.9,3.8,3.7,3.6,3.5,3.4,3.3,3.2,3.1,3,2.9,2.8,2.7,2.6,2.5,2.4,2.3,2.2,2.1,2,1.9,1.8,1.7,1.6,1.5,1.4,1.3,1.2,1.1,1,0.9,0.8,0.7,0.6,0.5,0.4,0.3,0.2,0.1,0,0.1,0.2,0.3,0.4,0.5,0.6,0.7,0.8,0.9,1,1.1,1.2,1.3,1.4,1.5,1.6,1.7,1.8,1.9,2,2.1,2.2,2.3,2.4,2.5,2.6],[5.5,5.4,5.3,5.2,5.1,5,4.9,4.8,4.7,4.6,4.5,4.4,4.3,4.2,4.1,4,3.9,3.8,3.7,3.6,3.5,3.4,3.3,3.2,3.1,3,2.9,2.8,2.7,2.6,2.5,2.4,2.3,2.2,2.1,2,1.9,1.8,1.7,1.6,1.5,1.4,1.3,1.2,1.1,1,0.9,0.8,0.7,0.6,0.5,0.4,0.3,0.2,0.1,0,0.1,0.2,0.3,0.4,0.5,0.6,0.7,0.8,0.9,1,1.1,1.2,1.3,1.4,1.5,1.6,1.7,1.8,1.9,2,2.1,2.2,2.3,2.4,2.5],[5.6,5.5,5.4,5.3,5.2,5.1,5,4.9,4.8,4.7,4.6,4.5,4.4,4.3,4.2,4.1,4,3.9,3.8,3.7,3.6,3.5,3.4,3.3,3.2,3.1,3,2.9,2.8,2.7,2.6,2.5,2.4,2.3,2.2,2.1,2,1.9,1.8,1.7,1.6,1.5,1.4,1.3,1.2,1.1,1,0.9,0.8,0.7,0.6,0.5,0.4,0.3,0.2,0.1,0,0.1,0.2,0.3,0.4,0.5,0.6,0.7,0.8,0.9,1,1.1,1.2,1.3,1.4,1.5,1.6,1.7,1.8,1.9,2,2.1,2.2,2.3,2.4],[5.7,5.6,5.5,5.4,5.3,5.2,5.1,5,4.9,4.8,4.7,4.6,4.5,4.4,4.3,4.2,4.1,4,3.9,3.8,3.7,3.6,3.5,3.4,3.3,3.2,3.1,3,2.9,2.8,2.7,2.6,2.5,2.4,2.3,2.2,2.1,2,1.9,1.8,1.7,1.6,1.5,1.4,1.3,1.2,1.1,1,0.9,0.8,0.7,0.6,0.5,0.4,0.3,0.2,0.1,0,0.1,0.2,0.3,0.4,0.5,0.6,0.7,0.8,0.9,1,1.1,1.2,1.3,1.4,1.5,1.6,1.7,1.8,1.9,2,2.1,2.2,2.3],[5.8,5.7,5.6,5.5,5.4,5.3,5.2,5.1,5,4.9,4.8,4.7,4.6,4.5,4.4,4.3,4.2,4.1,4,3.9,3.8,3.7,3.6,3.5,3.4,3.3,3.2,3.1,3,2.9,2.8,2.7,2.6,2.5,2.4,2.3,2.2,2.1,2,1.9,1.8,1.7,1.6,1.5,1.4,1.3,1.2,1.1,1,0.9,0.8,0.7,0.6,0.5,0.4,0.3,0.2,0.1,0,0.1,0.2,0.3,0.4,0.5,0.6,0.7,0.8,0.9,1,1.1,1.2,1.3,1.4,1.5,1.6,1.7,1.8,1.9,2,2.1,2.2],[5.9,5.8,5.7,5.6,5.5,5.4,5.3,5.2,5.1,5,4.9,4.8,4.7,4.6,4.5,4.4,4.3,4.2,4.1,4,3.9,3.8,3.7,3.6,3.5,3.4,3.3,3.2,3.1,3,2.9,2.8,2.7,2.6,2.5,2.4,2.3,2.2,2.1,2,1.9,1.8,1.7,1.6,1.5,1.4,1.3,1.2,1.1,1,0.9,0.8,0.7,0.6,0.5,0.4,0.3,0.2,0.1,0,0.1,0.2,0.3,0.4,0.5,0.6,0.7,0.8,0.9,1,1.1,1.2,1.3,1.4,1.5,1.6,1.7,1.8,1.9,2,2.1],[6,5.9,5.8,5.7,5.6,5.5,5.4,5.3,5.2,5.1,5,4.9,4.8,4.7,4.6,4.5,4.4,4.3,4.2,4.1,4,3.9,3.8,3.7,3.6,3.5,3.4,3.3,3.2,3.1,3,2.9,2.8,2.7,2.6,2.5,2.4,2.3,2.2,2.1,2,1.9,1.8,1.7,1.6,1.5,1.4,1.3,1.2,1.1,1,0.9,0.8,0.7,0.6,0.5,0.4,0.3,0.2,0.1,0,0.1,0.2,0.3,0.4,0.5,0.6,0.7,0.8,0.9,1,1.1,1.2,1.3,1.4,1.5,1.6,1.7,1.8,1.9,2],[6.1,6,5.9,5.8,5.7,5.6,5.5,5.4,5.3,5.2,5.1,5,4.9,4.8,4.7,4.6,4.5,4.4,4.3,4.2,4.1,4,3.9,3.8,3.7,3.6,3.5,3.4,3.3,3.2,3.1,3,2.9,2.8,2.7,2.6,2.5,2.4,2.3,2.2,2.1,2,1.9,1.8,1.7,1.6,1.5,1.4,1.3,1.2,1.1,1,0.9,0.8,0.7,0.6,0.5,0.4,0.3,0.2,0.1,0,0.1,0.2,0.3,0.4,0.5,0.6,0.7,0.8,0.9,1,1.1,1.2,1.3,1.4,1.5,1.6,1.7,1.8,1.9],[6.2,6.1,6,5.9,5.8,5.7,5.6,5.5,5.4,5.3,5.2,5.1,5,4.9,4.8,4.7,4.6,4.5,4.4,4.3,4.2,4.1,4,3.9,3.8,3.7,3.6,3.5,3.4,3.3,3.2,3.1,3,2.9,2.8,2.7,2.6,2.5,2.4,2.3,2.2,2.1,2,1.9,1.8,1.7,1.6,1.5,1.4,1.3,1.2,1.1,1,0.9,0.8,0.7,0.6,0.5,0.4,0.3,0.2,0.1,0,0.1,0.2,0.3,0.4,0.5,0.6,0.7,0.8,0.9,1,1.1,1.2,1.3,1.4,1.5,1.6,1.7,1.8],[6.3,6.2,6.1,6,5.9,5.8,5.7,5.6,5.5,5.4,5.3,5.2,5.1,5,4.9,4.8,4.7,4.6,4.5,4.4,4.3,4.2,4.1,4,3.9,3.8,3.7,3.6,3.5,3.4,3.3,3.2,3.1,3,2.9,2.8,2.7,2.6,2.5,2.4,2.3,2.2,2.1,2,1.9,1.8,1.7,1.6,1.5,1.4,1.3,1.2,1.1,1,0.9,0.8,0.7,0.6,0.5,0.4,0.3,0.2,0.1,0,0.1,0.2,0.3,0.4,0.5,0.6,0.7,0.8,0.9,1,1.1,1.2,1.3,1.4,1.5,1.6,1.7],[6.4,6.3,6.2,6.1,6,5.9,5.8,5.7,5.6,5.5,5.4,5.3,5.2,5.1,5,4.9,4.8,4.7,4.6,4.5,4.4,4.3,4.2,4.1,4,3.9,3.8,3.7,3.6,3.5,3.4,3.3,3.2,3.1,3,2.9,2.8,2.7,2.6,2.5,2.4,2.3,2.2,2.1,2,1.9,1.8,1.7,1.6,1.5,1.4,1.3,1.2,1.1,1,0.9,0.8,0.7,0.6,0.5,0.4,0.3,0.2,0.1,0,0.1,0.2,0.3,0.4,0.5,0.6,0.7,0.8,0.9,1,1.1,1.2,1.3,1.4,1.5,1.6],[6.5,6.4,6.3,6.2,6.1,6,5.9,5.8,5.7,5.6,5.5,5.4,5.3,5.2,5.1,5,4.9,4.8,4.7,4.6,4.5,4.4,4.3,4.2,4.1,4,3.9,3.8,3.7,3.6,3.5,3.4,3.3,3.2,3.1,3,2.9,2.8,2.7,2.6,2.5,2.4,2.3,2.2,2.1,2,1.9,1.8,1.7,1.6,1.5,1.4,1.3,1.2,1.1,1,0.9,0.8,0.7,0.6,0.5,0.4,0.3,0.2,0.1,0,0.1,0.2,0.3,0.4,0.5,0.6,0.7,0.8,0.9,1,1.1,1.2,1.3,1.4,1.5],[6.6,6.5,6.4,6.3,6.2,6.1,6,5.9,5.8,5.7,5.6,5.5,5.4,5.3,5.2,5.1,5,4.9,4.8,4.7,4.6,4.5,4.4,4.3,4.2,4.1,4,3.9,3.8,3.7,3.6,3.5,3.4,3.3,3.2,3.1,3,2.9,2.8,2.7,2.6,2.5,2.4,2.3,2.2,2.1,2,1.9,1.8,1.7,1.6,1.5,1.4,1.3,1.2,1.1,1,0.9,0.8,0.7,0.6,0.5,0.4,0.3,0.2,0.1,0,0.1,0.2,0.3,0.4,0.5,0.6,0.7,0.8,0.9,1,1.1,1.2,1.3,1.4],[6.7,6.6,6.5,6.4,6.3,6.2,6.1,6,5.9,5.8,5.7,5.6,5.5,5.4,5.3,5.2,5.1,5,4.9,4.8,4.7,4.6,4.5,4.4,4.3,4.2,4.1,4,3.9,3.8,3.7,3.6,3.5,3.4,3.3,3.2,3.1,3,2.9,2.8,2.7,2.6,2.5,2.4,2.3,2.2,2.1,2,1.9,1.8,1.7,1.6,1.5,1.4,1.3,1.2,1.1,1,0.9,0.8,0.7,0.6,0.5,0.4,0.3,0.2,0.1,0,0.1,0.2,0.3,0.4,0.5,0.6,0.7,0.8,0.9,1,1.1,1.2,1.3],[6.8,6.7,6.6,6.5,6.4,6.3,6.2,6.1,6,5.9,5.8,5.7,5.6,5.5,5.4,5.3,5.2,5.1,5,4.9,4.8,4.7,4.6,4.5,4.4,4.3,4.2,4.1,4,3.9,3.8,3.7,3.6,3.5,3.4,3.3,3.2,3.1,3,2.9,2.8,2.7,2.6,2.5,2.4,2.3,2.2,2.1,2,1.9,1.8,1.7,1.6,1.5,1.4,1.3,1.2,1.1,1,0.9,0.8,0.7,0.6,0.5,0.4,0.3,0.2,0.1,0,0.1,0.2,0.3,0.4,0.5,0.6,0.7,0.8,0.9,1,1.1,1.2],[6.9,6.8,6.7,6.6,6.5,6.4,6.3,6.2,6.1,6,5.9,5.8,5.7,5.6,5.5,5.4,5.3,5.2,5.1,5,4.9,4.8,4.7,4.6,4.5,4.4,4.3,4.2,4.1,4,3.9,3.8,3.7,3.6,3.5,3.4,3.3,3.2,3.1,3,2.9,2.8,2.7,2.6,2.5,2.4,2.3,2.2,2.1,2,1.9,1.8,1.7,1.6,1.5,1.4,1.3,1.2,1.1,1,0.9,0.8,0.7,0.6,0.5,0.4,0.3,0.2,0.1,0,0.1,0.2,0.3,0.4,0.5,0.6,0.7,0.8,0.9,1,1.1],[7,6.9,6.8,6.7,6.6,6.5,6.4,6.3,6.2,6.1,6,5.9,5.8,5.7,5.6,5.5,5.4,5.3,5.2,5.1,5,4.9,4.8,4.7,4.6,4.5,4.4,4.3,4.2,4.1,4,3.9,3.8,3.7,3.6,3.5,3.4,3.3,3.2,3.1,3,2.9,2.8,2.7,2.6,2.5,2.4,2.3,2.2,2.1,2,1.9,1.8,1.7,1.6,1.5,1.4,1.3,1.2,1.1,1,0.9,0.8,0.7,0.6,0.5,0.4,0.3,0.2,0.1,0,0.1,0.2,0.3,0.4,0.5,0.6,0.7,0.8,0.9,1],[7.1,7,6.9,6.8,6.7,6.6,6.5,6.4,6.3,6.2,6.1,6,5.9,5.8,5.7,5.6,5.5,5.4,5.3,5.2,5.1,5,4.9,4.8,4.7,4.6,4.5,4.4,4.3,4.2,4.1,4,3.9,3.8,3.7,3.6,3.5,3.4,3.3,3.2,3.1,3,2.9,2.8,2.7,2.6,2.5,2.4,2.3,2.2,2.1,2,1.9,1.8,1.7,1.6,1.5,1.4,1.3,1.2,1.1,1,0.9,0.8,0.7,0.6,0.5,0.4,0.3,0.2,0.1,0,0.1,0.2,0.3,0.4,0.5,0.6,0.7,0.8,0.9],[7.2,7.1,7,6.9,6.8,6.7,6.6,6.5,6.4,6.3,6.2,6.1,6,5.9,5.8,5.7,5.6,5.5,5.4,5.3,5.2,5.1,5,4.9,4.8,4.7,4.6,4.5,4.4,4.3,4.2,4.1,4,3.9,3.8,3.7,3.6,3.5,3.4,3.3,3.2,3.1,3,2.9,2.8,2.7,2.6,2.5,2.4,2.3,2.2,2.1,2,1.9,1.8,1.7,1.6,1.5,1.4,1.3,1.2,1.1,1,0.9,0.8,0.7,0.6,0.5,0.4,0.3,0.2,0.1,0,0.1,0.2,0.3,0.4,0.5,0.6,0.7,0.8],[7.3,7.2,7.1,7,6.9,6.8,6.7,6.6,6.5,6.4,6.3,6.2,6.1,6,5.9,5.8,5.7,5.6,5.5,5.4,5.3,5.2,5.1,5,4.9,4.8,4.7,4.6,4.5,4.4,4.3,4.2,4.1,4,3.9,3.8,3.7,3.6,3.5,3.4,3.3,3.2,3.1,3,2.9,2.8,2.7,2.6,2.5,2.4,2.3,2.2,2.1,2,1.9,1.8,1.7,1.6,1.5,1.4,1.3,1.2,1.1,1,0.9,0.8,0.7,0.6,0.5,0.4,0.3,0.2,0.1,0,0.1,0.2,0.3,0.4,0.5,0.6,0.7],[7.4,7.3,7.2,7.1,7,6.9,6.8,6.7,6.6,6.5,6.4,6.3,6.2,6.1,6,5.9,5.8,5.7,5.6,5.5,5.4,5.3,5.2,5.1,5,4.9,4.8,4.7,4.6,4.5,4.4,4.3,4.2,4.1,4,3.9,3.8,3.7,3.6,3.5,3.4,3.3,3.2,3.1,3,2.9,2.8,2.7,2.6,2.5,2.4,2.3,2.2,2.1,2,1.9,1.8,1.7,1.6,1.5,1.4,1.3,1.2,1.1,1,0.9,0.8,0.7,0.6,0.5,0.4,0.3,0.2,0.1,0,0.1,0.2,0.3,0.4,0.5,0.6],[7.5,7.4,7.3,7.2,7.1,7,6.9,6.8,6.7,6.6,6.5,6.4,6.3,6.2,6.1,6,5.9,5.8,5.7,5.6,5.5,5.4,5.3,5.2,5.1,5,4.9,4.8,4.7,4.6,4.5,4.4,4.3,4.2,4.1,4,3.9,3.8,3.7,3.6,3.5,3.4,3.3,3.2,3.1,3,2.9,2.8,2.7,2.6,2.5,2.4,2.3,2.2,2.1,2,1.9,1.8,1.7,1.6,1.5,1.4,1.3,1.2,1.1,1,0.9,0.8,0.7,0.6,0.5,0.4,0.3,0.2,0.1,0,0.1,0.2,0.3,0.4,0.5],[7.6,7.5,7.4,7.3,7.2,7.1,7,6.9,6.8,6.7,6.6,6.5,6.4,6.3,6.2,6.1,6,5.9,5.8,5.7,5.6,5.5,5.4,5.3,5.2,5.1,5,4.9,4.8,4.7,4.6,4.5,4.4,4.3,4.2,4.1,4,3.9,3.8,3.7,3.6,3.5,3.4,3.3,3.2,3.1,3,2.9,2.8,2.7,2.6,2.5,2.4,2.3,2.2,2.1,2,1.9,1.8,1.7,1.6,1.5,1.4,1.3,1.2,1.1,1,0.9,0.8,0.7,0.6,0.5,0.4,0.3,0.2,0.1,0,0.1,0.2,0.3,0.4],[7.7,7.6,7.5,7.4,7.3,7.2,7.1,7,6.9,6.8,6.7,6.6,6.5,6.4,6.3,6.2,6.1,6,5.9,5.8,5.7,5.6,5.5,5.4,5.3,5.2,5.1,5,4.9,4.8,4.7,4.6,4.5,4.4,4.3,4.2,4.1,4,3.9,3.8,3.7,3.6,3.5,3.4,3.3,3.2,3.1,3,2.9,2.8,2.7,2.6,2.5,2.4,2.3,2.2,2.1,2,1.9,1.8,1.7,1.6,1.5,1.4,1.3,1.2,1.1,1,0.9,0.8,0.7,0.6,0.5,0.4,0.3,0.2,0.1,0,0.1,0.2,0.3],[7.8,7.7,7.6,7.5,7.4,7.3,7.2,7.1,7,6.9,6.8,6.7,6.6,6.5,6.4,6.3,6.2,6.1,6,5.9,5.8,5.7,5.6,5.5,5.4,5.3,5.2,5.1,5,4.9,4.8,4.7,4.6,4.5,4.4,4.3,4.2,4.1,4,3.9,3.8,3.7,3.6,3.5,3.4,3.3,3.2,3.1,3,2.9,2.8,2.7,2.6,2.5,2.4,2.3,2.2,2.1,2,1.9,1.8,1.7,1.6,1.5,1.4,1.3,1.2,1.1,1,0.9,0.8,0.7,0.6,0.5,0.4,0.3,0.2,0.1,0,0.1,0.2],[7.9,7.8,7.7,7.6,7.5,7.4,7.3,7.2,7.1,7,6.9,6.8,6.7,6.6,6.5,6.4,6.3,6.2,6.1,6,5.9,5.8,5.7,5.6,5.5,5.4,5.3,5.2,5.1,5,4.9,4.8,4.7,4.6,4.5,4.4,4.3,4.2,4.1,4,3.9,3.8,3.7,3.6,3.5,3.4,3.3,3.2,3.1,3,2.9,2.8,2.7,2.6,2.5,2.4,2.3,2.2,2.1,2,1.9,1.8,1.7,1.6,1.5,1.4,1.3,1.2,1.1,1,0.9,0.8,0.7,0.6,0.5,0.4,0.3,0.2,0.1,0,0.1],[8,7.9,7.8,7.7,7.6,7.5,7.4,7.3,7.2,7.1,7,6.9,6.8,6.7,6.6,6.5,6.4,6.3,6.2,6.1,6,5.9,5.8,5.7,5.6,5.5,5.4,5.3,5.2,5.1,5,4.9,4.8,4.7,4.6,4.5,4.4,4.3,4.2,4.1,4,3.9,3.8,3.7,3.6,3.5,3.4,3.3,3.2,3.1,3,2.9,2.8,2.7,2.6,2.5,2.4,2.3,2.2,2.1,2,1.9,1.8,1.7,1.6,1.5,1.4,1.3,1.2,1.1,1,0.9,0.8,0.7,0.6,0.5,0.4,0.3,0.2,0.1,0]],"y":[[0,0.79,1.56,2.31,3.04,3.75,4.44,5.11,5.76,6.39,7,7.59,8.16,8.71,9.24,9.75,10.24,10.71,11.16,11.59,12,12.39,12.76,13.11,13.44,13.75,14.04,14.31,14.56,14.79,15,15.19,15.36,15.51,15.64,15.75,15.84,15.91,15.96,15.99,16,15.99,15.96,15.91,15.84,15.75,15.64,15.51,15.36,15.19,15,14.79,14.56,14.31,14.04,13.75,13.44,13.11,12.76,12.39,12,11.59,11.16,10.71,10.24,9.75,9.24,8.71,8.16,7.59,7,6.39,5.76,5.11,4.44,3.75,3.04,2.31,1.56,0.79,0],[0.79,0,0.77,1.52,2.25,2.96,3.65,4.32,4.97,5.6,6.21,6.8,7.37,7.92,8.45,8.96,9.45,9.92,10.37,10.8,11.21,11.6,11.97,12.32,12.65,12.96,13.25,13.52,13.77,14,14.21,14.4,14.57,14.72,14.85,14.96,15.05,15.12,15.17,15.2,15.21,15.2,15.17,15.12,15.05,14.96,14.85,14.72,14.57,14.4,14.21,14,13.77,13.52,13.25,12.96,12.65,12.32,11.97,11.6,11.21,10.8,10.37,9.92,9.45,8.96,8.45,7.92,7.37,6.8,6.21,5.6,4.97,4.32,3.65,2.96,2.25,1.52,0.77,3.5527e-15,0.79],[1.56,0.77,0,0.75,1.48,2.19,2.88,3.55,4.2,4.83,5.44,6.03,6.6,7.15,7.68,8.19,8.68,9.15,9.6,10.03,10.44,10.83,11.2,11.55,11.88,12.19,12.48,12.75,13,13.23,13.44,13.63,13.8,13.95,14.08,14.19,14.28,14.35,14.4,14.43,14.44,14.43,14.4,14.35,14.28,14.19,14.08,13.95,13.8,13.63,13.44,13.23,13,12.75,12.48,12.19,11.88,11.55,11.2,10.83,10.44,10.03,9.6,9.15,8.68,8.19,7.68,7.15,6.6,6.03,5.44,4.83,4.2,3.55,2.88,2.19,1.48,0.75,5.3291e-15,0.77,1.56],[2.31,1.52,0.75,0,0.73,1.44,2.13,2.8,3.45,4.08,4.69,5.28,5.85,6.4,6.93,7.44,7.93,8.4,8.85,9.28,9.69,10.08,10.45,10.8,11.13,11.44,11.73,12,12.25,12.48,12.69,12.88,13.05,13.2,13.33,13.44,13.53,13.6,13.65,13.68,13.69,13.68,13.65,13.6,13.53,13.44,13.33,13.2,13.05,12.88,12.69,12.48,12.25,12,11.73,11.44,11.13,10.8,10.45,10.08,9.69,9.28,8.85,8.4,7.93,7.44,6.93,6.4,5.85,5.28,4.69,4.08,3.45,2.8,2.13,1.44,0.73,0,0.75,1.52,2.31],[3.04,2.25,1.48,0.73,0,0.71,1.4,2.07,2.72,3.35,3.96,4.55,5.12,5.67,6.2,6.71,7.2,7.67,8.12,8.55,8.96,9.35,9.72,10.07,10.4,10.71,11,11.27,11.52,11.75,11.96,12.15,12.32,12.47,12.6,12.71,12.8,12.87,12.92,12.95,12.96,12.95,12.92,12.87,12.8,12.71,12.6,12.47,12.32,12.15,11.96,11.75,11.52,11.27,11,10.71,10.4,10.07,9.72,9.35,8.96,8.55,8.12,7.67,7.2,6.71,6.2,5.67,5.12,4.55,3.96,3.35,2.72,2.07,1.4,0.71,3.5527e-15,0.73,1.48,2.25,3.04],[3.75,2.96,2.19,1.44,0.71,0,0.69,1.36,2.01,2.64,3.25,3.84,4.41,4.96,5.49,6,6.49,6.96,7.41,7.84,8.25,8.64,9.01,9.36,9.69,10,10.29,10.56,10.81,11.04,11.25,11.44,11.61,11.76,11.89,12,12.09,12.16,12.21,12.24,12.25,12.24,12.21,12.16,12.09,12,11.89,11.76,11.61,11.44,11.25,11.04,10.81,10.56,10.29,10,9.69,9.36,9.01,8.64,8.25,7.84,7.41,6.96,6.49,6,5.49,4.96,4.41,3.84,3.25,2.64,2.01,1.36,0.69,0,0.71,1.44,2.19,2.96,3.75],[4.44,3.65,2.88,2.13,1.4,0.69,0,0.67,1.32,1.95,2.56,3.15,3.72,4.27,4.8,5.31,5.8,6.27,6.72,7.15,7.56,7.95,8.32,8.67,9,9.31,9.6,9.87,10.12,10.35,10.56,10.75,10.92,11.07,11.2,11.31,11.4,11.47,11.52,11.55,11.56,11.55,11.52,11.47,11.4,11.31,11.2,11.07,10.92,10.75,10.56,10.35,10.12,9.87,9.6,9.31,9,8.67,8.32,7.95,7.56,7.15,6.72,6.27,5.8,5.31,4.8,4.27,3.72,3.15,2.56,1.95,1.32,0.67,3.5527e-15,0.69,1.4,2.13,2.88,3.65,4.44],[5.11,4.32,3.55,2.8,2.07,1.36,0.67,0,0.65,1.28,1.89,2.48,3.05,3.6,4.13,4.64,5.13,5.6,6.05,6.48,6.89,7.28,7.65,8,8.33,8.64,8.93,9.2,9.45,9.68,9.89,10.08,10.25,10.4,10.53,10.64,10.73,10.8,10.85,10.88,10.89,10.88,10.85,10.8,10.73,10.64,10.53,10.4,10.25,10.08,9.89,9.68,9.45,9.2,8.93,8.64,8.33,8,7.65,7.28,6.89,6.48,6.05,5.6,5.13,4.64,4.13,3.6,3.05,2.48,1.89,1.28,0.65,5.3291e-15,0.67,1.36,2.07,2.8,3.55,4.32,5.11],[5.76,4.97,4.2,3.45,2.72,2.01,1.32,0.65,0,0.63,1.24,1.83,2.4,2.95,3.48,3.99,4.48,4.95,5.4,5.83,6.24,6.63,7,7.35,7.68,7.99,8.28,8.55,8.8,9.03,9.24,9.43,9.6,9.75,9.88,9.99,10.08,10.15,10.2,10.23,10.24,10.23,10.2,10.15,10.08,9.99,9.88,9.75,9.6,9.43,9.24,9.03,8.8,8.55,8.28,7.99,7.68,7.35,7,6.63,6.24,5.83,5.4,4.95,4.48,3.99,3.48,2.95,2.4,1.83,1.24,0.63,0,0.65,1.32,2.01,2.72,3.45,4.2,4.97,5.76],[6.39,5.6,4.83,4.08,3.35,2.64,1.95,1.28,0.63,0,0.61,1.2,1.77,2.32,2.85,3.36,3.85,4.32,4.77,5.2,5.61,6,6.37,6.72,7.05,7.36,7.65,7.92,8.17,8.4,8.61,8.8,8.97,9.12,9.25,9.36,9.45,9.52,9.57,9.6,9.61,9.6,9.57,9.52,9.45,9.36,9.25,9.12,8.97,8.8,8.61,8.4,8.17,7.92,7.65,7.36,7.05,6.72,6.37,6,5.61,5.2,4.77,4.32,3.85,3.36,2.85,2.32,1.77,1.2,0.61,1.7764e-15,0.63,1.28,1.95,2.64,3.35,4.08,4.83,5.6,6.39],[7,6.21,5.44,4.69,3.96,3.25,2.56,1.89,1.24,0.61,0,0.59,1.16,1.71,2.24,2.75,3.24,3.71,4.16,4.59,5,5.39,5.76,6.11,6.44,6.75,7.04,7.31,7.56,7.79,8,8.19,8.36,8.51,8.64,8.75,8.84,8.91,8.96,8.99,9,8.99,8.96,8.91,8.84,8.75,8.64,8.51,8.36,8.19,8,7.79,7.56,7.31,7.04,6.75,6.44,6.11,5.76,5.39,5,4.59,4.16,3.71,3.24,2.75,2.24,1.71,1.16,0.59,0,0.61,1.24,1.89,2.56,3.25,3.96,4.69,5.44,6.21,7],[7.59,6.8,6.03,5.28,4.55,3.84,3.15,2.48,1.83,1.2,0.59,0,0.57,1.12,1.65,2.16,2.65,3.12,3.57,4,4.41,4.8,5.17,5.52,5.85,6.16,6.45,6.72,6.97,7.2,7.41,7.6,7.77,7.92,8.05,8.16,8.25,8.32,8.37,8.4,8.41,8.4,8.37,8.32,8.25,8.16,8.05,7.92,7.77,7.6,7.41,7.2,6.97,6.72,6.45,6.16,5.85,5.52,5.17,4.8,4.41,4,3.57,3.12,2.65,2.16,1.65,1.12,0.57,1.7764e-15,0.59,1.2,1.83,2.48,3.15,3.84,4.55,5.28,6.03,6.8,7.59],[8.16,7.37,6.6,5.85,5.12,4.41,3.72,3.05,2.4,1.77,1.16,0.57,0,0.55,1.08,1.59,2.08,2.55,3,3.43,3.84,4.23,4.6,4.95,5.28,5.59,5.88,6.15,6.4,6.63,6.84,7.03,7.2,7.35,7.48,7.59,7.68,7.75,7.8,7.83,7.84,7.83,7.8,7.75,7.68,7.59,7.48,7.35,7.2,7.03,6.84,6.63,6.4,6.15,5.88,5.59,5.28,4.95,4.6,4.23,3.84,3.43,3,2.55,2.08,1.59,1.08,0.55,5.3291e-15,0.57,1.16,1.77,2.4,3.05,3.72,4.41,5.12,5.85,6.6,7.37,8.16],[8.71,7.92,7.15,6.4,5.67,4.96,4.27,3.6,2.95,2.32,1.71,1.12,0.55,0,0.53,1.04,1.53,2,2.45,2.88,3.29,3.68,4.05,4.4,4.73,5.04,5.33,5.6,5.85,6.08,6.29,6.48,6.65,6.8,6.93,7.04,7.13,7.2,7.25,7.28,7.29,7.28,7.25,7.2,7.13,7.04,6.93,6.8,6.65,6.48,6.29,6.08,5.85,5.6,5.33,5.04,4.73,4.4,4.05,3.68,3.29,2.88,2.45,2,1.53,1.04,0.53,0,0.55,1.12,1.71,2.32,2.95,3.6,4.27,4.96,5.67,6.4,7.15,7.92,8.71],[9.24,8.45,7.68,6.93,6.2,5.49,4.8,4.13,3.48,2.85,2.24,1.65,1.08,0.53,0,0.51,1,1.47,1.92,2.35,2.76,3.15,3.52,3.87,4.2,4.51,4.8,5.07,5.32,5.55,5.76,5.95,6.12,6.27,6.4,6.51,6.6,6.67,6.72,6.75,6.76,6.75,6.72,6.67,6.6,6.51,6.4,6.27,6.12,5.95,5.76,5.55,5.32,5.07,4.8,4.51,4.2,3.87,3.52,3.15,2.76,2.35,1.92,1.47,1,0.51,4.4409e-15,0.53,1.08,1.65,2.24,2.85,3.48,4.13,4.8,5.49,6.2,6.93,7.68,8.45,9.24],[9.75,8.96,8.19,7.44,6.71,6,5.31,4.64,3.99,3.36,2.75,2.16,1.59,1.04,0.51,0,0.49,0.96,1.41,1.84,2.25,2.64,3.01,3.36,3.69,4,4.29,4.56,4.81,5.04,5.25,5.44,5.61,5.76,5.89,6,6.09,6.16,6.21,6.24,6.25,6.24,6.21,6.16,6.09,6,5.89,5.76,5.61,5.44,5.25,5.04,4.81,4.56,4.29,4,3.69,3.36,3.01,2.64,2.25,1.84,1.41,0.96,0.49,0,0.51,1.04,1.59,2.16,2.75,3.36,3.99,4.64,5.31,6,6.71,7.44,8.19,8.96,9.75],[10.24,9.45,8.68,7.93,7.2,6.49,5.8,5.13,4.48,3.85,3.24,2.65,2.08,1.53,1,0.49,0,0.47,0.92,1.35,1.76,2.15,2.52,2.87,3.2,3.51,3.8,4.07,4.32,4.55,4.76,4.95,5.12,5.27,5.4,5.51,5.6,5.67,5.72,5.75,5.76,5.75,5.72,5.67,5.6,5.51,5.4,5.27,5.12,4.95,4.76,4.55,4.32,4.07,3.8,3.51,3.2,2.87,2.52,2.15,1.76,1.35,0.92,0.47,1.7764e-15,0.49,1,1.53,2.08,2.65,3.24,3.85,4.48,5.13,5.8,6.49,7.2,7.93,8.68,9.45,10.24],[10.71,9.92,9.15,8.4,7.67,6.96,6.27,5.6,4.95,4.32,3.71,3.12,2.55,2,1.47,0.96,0.47,0,0.45,0.88,1.29,1.68,2.05,2.4,2.73,3.04,3.33,3.6,3.85,4.08,4.29,4.48,4.65,4.8,4.93,5.04,5.13,5.2,5.25,5.28,5.29,5.28,5.25,5.2,5.13,5.04,4.93,4.8,4.65,4.48,4.29,4.08,3.85,3.6,3.33,3.04,2.73,2.4,2.05,1.68,1.29,0.88,0.45,4.4409e-15,0.47,0.96,1.47,2,2.55,3.12,3.71,4.32,4.95,5.6,6.27,6.96,7.67,8.4,9.15,9.92,10.71],[11.16,10.37,9.6,8.85,8.12,7.41,6.72,6.05,5.4,4.77,4.16,3.57,3,2.45,1.92,1.41,0.92,0.45,0,0.43,0.84,1.23,1.6,1.95,2.28,2.59,2.88,3.15,3.4,3.63,3.84,4.03,4.2,4.35,4.48,4.59,4.68,4.75,4.8,4.83,4.84,4.83,4.8,4.75,4.68,4.59,4.48,4.35,4.2,4.03,3.84,3.63,3.4,3.15,2.88,2.59,2.28,1.95,1.6,1.23,0.84,0.43,0,0.45,0.92,1.41,1.92,2.45,3,3.57,4.16,4.77,5.4,6.05,6.72,7.41,8.12,8.85,9.6,10.37,11.16],[11.59,10.8,10.03,9.28,8.55,7.84,7.15,6.48,5.83,5.2,4.59,4,3.43,2.88,2.35,1.84,1.35,0.88,0.43,0,0.41,0.8,1.17,1.52,1.85,2.16,2.45,2.72,2.97,3.2,3.41,3.6,3.77,3.92,4.05,4.16,4.25,4.32,4.37,4.4,4.41,4.4,4.37,4.32,4.25,4.16,4.05,3.92,3.77,3.6,3.41,3.2,2.97,2.72,2.45,2.16,1.85,1.52,1.17,0.8,0.41,3.5527e-15,0.43,0.88,1.35,1.84,2.35,2.88,3.43,4,4.59,5.2,5.83,6.48,7.15,7.84,8.55,9.28,10.03,10.8,11.59],[12,11.21,10.44,9.69,8.96,8.25,7.56,6.89,6.24,5.61,5,4.41,3.84,3.29,2.76,2.25,1.76,1.29,0.84,0.41,0,0.39,0.76,1.11,1.44,1.75,2.04,2.31,2.56,2.79,3,3.19,3.36,3.51,3.64,3.75,3.84,3.91,3.96,3.99,4,3.99,3.96,3.91,3.84,3.75,3.64,3.51,3.36,3.19,3,2.79,2.56,2.31,2.04,1.75,1.44,1.11,0.76,0.39,0,0.41,0.84,1.29,1.76,2.25,2.76,3.29,3.84,4.41,5,5.61,6.24,6.89,7.56,8.25,8.96,9.69,10.44,11.21,12],[12.39,11.6,10.83,10.08,9.35,8.64,7.95,7.28,6.63,6,5.39,4.8,4.23,3.68,3.15,2.64,2.15,1.68,1.23,0.8,0.39,0,0.37,0.72,1.05,1.36,1.65,1.92,2.17,2.4,2.61,2.8,2.97,3.12,3.25,3.36,3.45,3.52,3.57,3.6,3.61,3.6,3.57,3.52,3.45,3.36,3.25,3.12,2.97,2.8,2.61,2.4,2.17,1.92,1.65,1.36,1.05,0.72,0.37,1.3323e-15,0.39,0.8,1.23,1.68,2.15,2.64,3.15,3.68,4.23,4.8,5.39,6,6.63,7.28,7.95,8.64,9.35,10.08,10.83,11.6,12.39],[12.76,11.97,11.2,10.45,9.72,9.01,8.32,7.65,7,6.37,5.76,5.17,4.6,4.05,3.52,3.01,2.52,2.05,1.6,1.17,0.76,0.37,0,0.35,0.68,0.99,1.28,1.55,1.8,2.03,2.24,2.43,2.6,2.75,2.88,2.99,3.08,3.15,3.2,3.23,3.24,3.23,3.2,3.15,3.08,2.99,2.88,2.75,2.6,2.43,2.24,2.03,1.8,1.55,1.28,0.99,0.68,0.35,3.1086e-15,0.37,0.76,1.17,1.6,2.05,2.52,3.01,3.52,4.05,4.6,5.17,5.76,6.37,7,7.65,8.32,9.01,9.72,10.45,11.2,11.97,12.76],[13.11,12.32,11.55,10.8,10.07,9.36,8.67,8,7.35,6.72,6.11,5.52,4.95,4.4,3.87,3.36,2.87,2.4,1.95,1.52,1.11,0.72,0.35,0,0.33,0.64,0.93,1.2,1.45,1.68,1.89,2.08,2.25,2.4,2.53,2.64,2.73,2.8,2.85,2.88,2.89,2.88,2.85,2.8,2.73,2.64,2.53,2.4,2.25,2.08,1.89,1.68,1.45,1.2,0.93,0.64,0.33,1.3323e-15,0.35,0.72,1.11,1.52,1.95,2.4,2.87,3.36,3.87,4.4,4.95,5.52,6.11,6.72,7.35,8,8.67,9.36,10.07,10.8,11.55,12.32,13.11],[13.44,12.65,11.88,11.13,10.4,9.69,9,8.33,7.68,7.05,6.44,5.85,5.28,4.73,4.2,3.69,3.2,2.73,2.28,1.85,1.44,1.05,0.68,0.33,0,0.31,0.6,0.87,1.12,1.35,1.56,1.75,1.92,2.07,2.2,2.31,2.4,2.47,2.52,2.55,2.56,2.55,2.52,2.47,2.4,2.31,2.2,2.07,1.92,1.75,1.56,1.35,1.12,0.87,0.6,0.31,3.1086e-15,0.33,0.68,1.05,1.44,1.85,2.28,2.73,3.2,3.69,4.2,4.73,5.28,5.85,6.44,7.05,7.68,8.33,9,9.69,10.4,11.13,11.88,12.65,13.44],[13.75,12.96,12.19,11.44,10.71,10,9.31,8.64,7.99,7.36,6.75,6.16,5.59,5.04,4.51,4,3.51,3.04,2.59,2.16,1.75,1.36,0.99,0.64,0.31,0,0.29,0.56,0.81,1.04,1.25,1.44,1.61,1.76,1.89,2,2.09,2.16,2.21,2.24,2.25,2.24,2.21,2.16,2.09,2,1.89,1.76,1.61,1.44,1.25,1.04,0.81,0.56,0.29,0,0.31,0.64,0.99,1.36,1.75,2.16,2.59,3.04,3.51,4,4.51,5.04,5.59,6.16,6.75,7.36,7.99,8.64,9.31,10,10.71,11.44,12.19,12.96,13.75],[14.04,13.25,12.48,11.73,11,10.29,9.6,8.93,8.28,7.65,7.04,6.45,5.88,5.33,4.8,4.29,3.8,3.33,2.88,2.45,2.04,1.65,1.28,0.93,0.6,0.29,0,0.27,0.52,0.75,0.96,1.15,1.32,1.47,1.6,1.71,1.8,1.87,1.92,1.95,1.96,1.95,1.92,1.87,1.8,1.71,1.6,1.47,1.32,1.15,0.96,0.75,0.52,0.27,1.3323e-15,0.29,0.6,0.93,1.28,1.65,2.04,2.45,2.88,3.33,3.8,4.29,4.8,5.33,5.88,6.45,7.04,7.65,8.28,8.93,9.6,10.29,11,11.73,12.48,13.25,14.04],[14.31,13.52,12.75,12,11.27,10.56,9.87,9.2,8.55,7.92,7.31,6.72,6.15,5.6,5.07,4.56,4.07,3.6,3.15,2.72,2.31,1.92,1.55,1.2,0.87,0.56,0.27,0,0.25,0.48,0.69,0.88,1.05,1.2,1.33,1.44,1.53,1.6,1.65,1.68,1.69,1.68,1.65,1.6,1.53,1.44,1.33,1.2,1.05,0.88,0.69,0.48,0.25,2.4425e-15,0.27,0.56,0.87,1.2,1.55,1.92,2.31,2.72,3.15,3.6,4.07,4.56,5.07,5.6,6.15,6.72,7.31,7.92,8.55,9.2,9.87,10.56,11.27,12,12.75,13.52,14.31],[14.56,13.77,13,12.25,11.52,10.81,10.12,9.45,8.8,8.17,7.56,6.97,6.4,5.85,5.32,4.81,4.32,3.85,3.4,2.97,2.56,2.17,1.8,1.45,1.12,0.81,0.52,0.25,0,0.23,0.44,0.63,0.8,0.95,1.08,1.19,1.28,1.35,1.4,1.43,1.44,1.43,1.4,1.35,1.28,1.19,1.08,0.95,0.8,0.63,0.44,0.23,1.1102e-15,0.25,0.52,0.81,1.12,1.45,1.8,2.17,2.56,2.97,3.4,3.85,4.32,4.81,5.32,5.85,6.4,6.97,7.56,8.17,8.8,9.45,10.12,10.81,11.52,12.25,13,13.77,14.56],[14.79,14,13.23,12.48,11.75,11.04,10.35,9.68,9.03,8.4,7.79,7.2,6.63,6.08,5.55,5.04,4.55,4.08,3.63,3.2,2.79,2.4,2.03,1.68,1.35,1.04,0.75,0.48,0.23,0,0.21,0.4,0.57,0.72,0.85,0.96,1.05,1.12,1.17,1.2,1.21,1.2,1.17,1.12,1.05,0.96,0.85,0.72,0.57,0.4,0.21,1.7764e-15,0.23,0.48,0.75,1.04,1.35,1.68,2.03,2.4,2.79,3.2,3.63,4.08,4.55,5.04,5.55,6.08,6.63,7.2,7.79,8.4,9.03,9.68,10.35,11.04,11.75,12.48,13.23,14,14.79],[15,14.21,13.44,12.69,11.96,11.25,10.56,9.89,9.24,8.61,8,7.41,6.84,6.29,5.76,5.25,4.76,4.29,3.84,3.41,3,2.61,2.24,1.89,1.56,1.25,0.96,0.69,0.44,0.21,0,0.19,0.36,0.51,0.64,0.75,0.84,0.91,0.96,0.99,1,0.99,0.96,0.91,0.84,0.75,0.64,0.51,0.36,0.19,0,0.21,0.44,0.69,0.96,1.25,1.56,1.89,2.24,2.61,3,3.41,3.84,4.29,4.76,5.25,5.76,6.29,6.84,7.41,8,8.61,9.24,9.89,10.56,11.25,11.96,12.69,13.44,14.21,15],[15.19,14.4,13.63,12.88,12.15,11.44,10.75,10.08,9.43,8.8,8.19,7.6,7.03,6.48,5.95,5.44,4.95,4.48,4.03,3.6,3.19,2.8,2.43,2.08,1.75,1.44,1.15,0.88,0.63,0.4,0.19,0,0.17,0.32,0.45,0.56,0.65,0.72,0.77,0.8,0.81,0.8,0.77,0.72,0.65,0.56,0.45,0.32,0.17,7.7716e-16,0.19,0.4,0.63,0.88,1.15,1.44,1.75,2.08,2.43,2.8,3.19,3.6,4.03,4.48,4.95,5.44,5.95,6.48,7.03,7.6,8.19,8.8,9.43,10.08,10.75,11.44,12.15,12.88,13.63,14.4,15.19],[15.36,14.57,13.8,13.05,12.32,11.61,10.92,10.25,9.6,8.97,8.36,7.77,7.2,6.65,6.12,5.61,5.12,4.65,4.2,3.77,3.36,2.97,2.6,2.25,1.92,1.61,1.32,1.05,0.8,0.57,0.36,0.17,0,0.15,0.28,0.39,0.48,0.55,0.6,0.63,0.64,0.63,0.6,0.55,0.48,0.39,0.28,0.15,1.4433e-15,0.17,0.36,0.57,0.8,1.05,1.32,1.61,1.92,2.25,2.6,2.97,3.36,3.77,4.2,4.65,5.12,5.61,6.12,6.65,7.2,7.77,8.36,8.97,9.6,10.25,10.92,11.61,12.32,13.05,13.8,14.57,15.36],[15.51,14.72,13.95,13.2,12.47,11.76,11.07,10.4,9.75,9.12,8.51,7.92,7.35,6.8,6.27,5.76,5.27,4.8,4.35,3.92,3.51,3.12,2.75,2.4,2.07,1.76,1.47,1.2,0.95,0.72,0.51,0.32,0.15,0,0.13,0.24,0.33,0.4,0.45,0.48,0.49,0.48,0.45,0.4,0.33,0.24,0.13,6.6613e-16,0.15,0.32,0.51,0.72,0.95,1.2,1.47,1.76,2.07,2.4,2.75,3.12,3.51,3.92,4.35,4.8,5.27,5.76,6.27,6.8,7.35,7.92,8.51,9.12,9.75,10.4,11.07,11.76,12.47,13.2,13.95,14.72,15.51],[15.64,14.85,14.08,13.33,12.6,11.89,11.2,10.53,9.88,9.25,8.64,8.05,7.48,6.93,6.4,5.89,5.4,4.93,4.48,4.05,3.64,3.25,2.88,2.53,2.2,1.89,1.6,1.33,1.08,0.85,0.64,0.45,0.28,0.13,0,0.11,0.2,0.27,0.32,0.35,0.36,0.35,0.32,0.27,0.2,0.11,1.0547e-15,0.13,0.28,0.45,0.64,0.85,1.08,1.33,1.6,1.89,2.2,2.53,2.88,3.25,3.64,4.05,4.48,4.93,5.4,5.89,6.4,6.93,7.48,8.05,8.64,9.25,9.88,10.53,11.2,11.89,12.6,13.33,14.08,14.85,15.64],[15.75,14.96,14.19,13.44,12.71,12,11.31,10.64,9.99,9.36,8.75,8.16,7.59,7.04,6.51,6,5.51,5.04,4.59,4.16,3.75,3.36,2.99,2.64,2.31,2,1.71,1.44,1.19,0.96,0.75,0.56,0.39,0.24,0.11,0,0.09,0.16,0.21,0.24,0.25,0.24,0.21,0.16,0.09,0,0.11,0.24,0.39,0.56,0.75,0.96,1.19,1.44,1.71,2,2.31,2.64,2.99,3.36,3.75,4.16,4.59,5.04,5.51,6,6.51,7.04,7.59,8.16,8.75,9.36,9.99,10.64,11.31,12,12.71,13.44,14.19,14.96,15.75],[15.84,15.05,14.28,13.53,12.8,12.09,11.4,10.73,10.08,9.45,8.84,8.25,7.68,7.13,6.6,6.09,5.6,5.13,4.68,4.25,3.84,3.45,3.08,2.73,2.4,2.09,1.8,1.53,1.28,1.05,0.84,0.65,0.48,0.33,0.2,0.09,0,0.07,0.12,0.15,0.16,0.15,0.12,0.07,3.6082e-16,0.09,0.2,0.33,0.48,0.65,0.84,1.05,1.28,1.53,1.8,2.09,2.4,2.73,3.08,3.45,3.84,4.25,4.68,5.13,5.6,6.09,6.6,7.13,7.68,8.25,8.84,9.45,10.08,10.73,1