{
  "D": {
    "air": [
      [
        0,
        1115.768,
        810.5114,
        933.6674,
        1203.3785
      ],
      [
        1115.768,
        0,
        410.3716,
        1834.0288,
        1777.8694
      ],
      [
        810.5114,
        410.3716,
        0,
        1431.7849,
        1372.3207
      ],
      [
        933.6674,
        1834.0288,
        1431.7849,
        0,
        555.7126
      ],
      [
        1203.3785,
        1777.8694,
        1372.3207,
        555.7126,
        0
      ]
    ],
    "ground": [
      [
        0,
        2123,
        1404,
        1101,
        1734
      ],
      [
        2123,
        0,
        1761,
        3196,
        3829
      ],
      [
        1404,
        1761,
        0,
        2035,
        2668
      ],
      [
        1101,
        3196,
        2035,
        0,
        641
      ],
      [
        1734,
        3829,
        2668,
        641,
        0
      ]
    ]
  },
  "rownames": {
    "air": [
      "Berlin",
      "Helsinki",
      "Stockholm",
      "London",
      "Glasgow"
    ],
    "ground": [
      [
        0,
        2123,
        1404,
        1101,
        1734
      ],
      [
        2123,
        0,
        1761,
        3196,
        3829
      ],
      [
        1404,
        1761,
        0,
        2035,
        2668
      ],
      [
        1101,
        3196,
        2035,
        0,
        641
      ],
      [
        1734,
        3829,
        2668,
        641,
        0
      ]
    ]
  },
  "leafs": {
    "vis": {
      "air": "embedding",
      "ground": "embedding"
    },
    "space": {
      "air": [
        [
          13.2847,
          52.5068
        ],
        [
          24.9417,
          60.1948
        ],
        [
          17.842,
          59.3261
        ],
        [
          -0.2285,
          51.4854
        ],
        [
          -4.3025,
          55.8554
        ]
      ],
      "ground": [
        [
          13.2847,
          52.5068
        ],
        [
          24.9417,
          60.1948
        ],
        [
          17.842,
          59.3261
        ],
        [
          -0.2285,
          51.4854
        ],
        [
          -4.3025,
          55.8554
        ]
      ]
    }
  },
  "tooltips": {
    "vis": {
      "air": [
        "geospatial-point-3d"
      ],
      "ground": [
        "geospatial-point-3d"
      ]
    },
    "space": {
      "air": [
        [
          13.2847,
          52.5068
        ],
        [
          24.9417,
          60.1948
        ],
        [
          17.842,
          59.3261
        ],
        [
          -0.2285,
          51.4854
        ],
        [
          -4.3025,
          55.8554
        ]
      ],
      "ground": [
        [
          13.2847,
          52.5068
        ],
        [
          24.9417,
          60.1948
        ],
        [
          17.842,
          59.3261
        ],
        [
          -0.2285,
          51.4854
        ],
        [
          -4.3025,
          55.8554
        ]
      ]
    }
  }
}
